# exported and interpolated by Luciano Spinello [50]
seq0_0957_0 1299583564.20 20 -15 413 206 49 -79 375 187 2
seq0_0958_0 1299583564.23 15 -13 421 210 41 -67 383 191 2
seq0_0959_0 1299583564.28 11 -12 429 214 34 -55 392 195 2
seq0_0960_0 1299583564.39 7 -11 438 219 27 -44 401 200 2
seq0_0961_0 1299583564.40 8 -9 440 220 27 -40 403 201 2
seq0_0962_0 1299583564.43 9 -7 442 221 28 -36 406 202 2
seq0_0963_0 1299583564.48 10 -6 445 222 29 -32 409 204 2
seq0_0964_0 1299583564.58 8 -5 452 226 28 -18 412 205 2
seq0_0965_0 1299583564.60 6 -4 460 230 27 -4 415 207 2
seq0_0966_0 1299583564.64 4 -4 468 234 26 9 419 209 2
seq0_0967_0 1299583564.68 5 -4 465 232 27 17 417 208 2
seq0_0968_0 1299583564.71 6 -4 462 230 29 26 416 207 2
seq0_0969_0 1299583564.75 8 -5 459 229 31 35 415 207 1
seq0_0970_0 1299583564.86 4 7 460 229 23 50 421 210 1
seq0_0971_0 1299583564.87 1 19 461 230 15 65 427 213 1
seq0_0972_0 1299583564.90 -2 32 463 231 8 80 433 216 1
seq0_0973_0 1299583564.95 -2 43 467 233 7 88 435 217 1
seq0_0974_0 1299583564.98 -3 56 472 235 6 96 437 218 1
seq0_0975_0 1299583565.02 -4 68 477 238 5 105 440 220 1
seq0_0976_0 1299583565.05 -4 79 480 240 4 114 443 221 1
seq0_0977_0 1299583565.08 -5 90 484 242 4 124 447 223 1
seq0_0978_0 1299583565.12 -6 101 488 244 4 134 451 225 1
seq0_0979_0 1299583565.22 -3 115 488 244 -5 146 462 230 1
seq0_0980_0 1299583565.24 -1 129 488 244 -14 158 473 236 1
seq0_0981_0 1299583565.27 1 143 488 244 -24 171 485 242 1
seq0_0982_0 1299583565.32 -2 162 491 245 -34 184 497 248 1
seq0_0983_0 1299583565.35 -5 181 495 247 -44 198 509 254 1
seq0_0984_0 1299583565.45 -8 200 499 249 -54 212 521 260 2
seq0_0985_0 1299583565.47 -6 211 503 251 -54 226 526 262 2
seq0_0986_0 1299583565.50 -4 222 507 253 -53 242 531 265 2
seq0_0987_0 1299583565.55 -2 234 512 256 -54 257 537 268 2
seq0_0988_0 1299583565.65 -2 255 521 260 -52 281 542 271 2
seq0_0989_0 1299583565.67 -3 276 531 265 -52 305 548 274 2
seq0_0996_1 1299583565.98 -14 -73 529 264 -33 -44 508 254 2
seq0_0997_1 1299583566.09 -21 -48 534 267 -45 -25 519 259 2
seq0_0998_1 1299583566.10 -29 -23 540 270 -58 -8 530 264 2
seq0_0999_1 1299583566.13 -37 2 546 273 -71 10 541 270 2
seq0_1000_1 1299583566.18 -30 12 538 269 -63 24 535 267 2
seq0_1001_1 1299583566.22 -23 22 531 265 -55 38 529 264 2
seq0_1002_1 1299583566.25 -17 33 524 262 -48 53 524 262 2
seq0_1003_1 1299583566.36 -20 54 525 262 -41 75 513 256 2
seq0_1004_1 1299583566.37 -24 75 527 263 -35 97 502 250 2
seq0_1005_1 1299583566.40 -28 96 529 264 -29 119 491 245 2
seq0_1006_1 1299583566.52 -27 115 525 262 -37 137 496 247 2
seq0_1007_1 1299583566.53 -27 134 521 260 -45 156 501 250 2
seq0_1008_1 1299583566.56 -27 154 518 259 -54 175 507 253 2
seq0_1009_1 1299583566.61 -18 169 509 254 -55 193 511 255 2
seq0_1010_1 1299583566.72 -9 184 500 249 -55 211 515 257 2
seq0_1011_1 1299583566.73 -1 200 491 245 -57 230 520 260 1
seq0_1012_1 1299583566.76 0 223 492 245 -53 239 516 258 1
seq0_1013_1 1299583566.81 0 247 493 246 -50 247 513 256 1
seq0_1014_1 1299583566.85 1 271 494 247 -47 257 510 255 1
seq0_1015_1 1299583566.88 -2 280 495 247 -43 271 504 252 1
seq0_1016_1 1299583566.92 -6 289 497 248 -40 285 499 249 1
seq0_1017_1 1299583567.02 -10 299 499 249 -37 300 494 247 1
seq0_1018_1 1299583567.03 -10 307 496 247 -34 307 489 244 1
seq0_1019_1 1299583567.07 -10 315 493 246 -32 314 484 242 1
seq0_1020_1 1299583567.12 -11 323 490 245 -30 322 480 240 2
seq0_1021_1 1299583567.15 -5 324 481 240 -31 329 480 240 2
seq0_1022_1 1299583567.19 0 326 472 236 -33 337 481 240 2
seq0_1023_1 1299583567.22 6 328 464 232 -35 345 482 241 2
seq0_1024_1 1299583567.32 5 345 464 232 -32 350 479 239 2
seq0_1025_1 1299583567.34 4 362 465 232 -29 355 476 237 2
seq0_1026_1 1299583567.37 3 379 466 233 -27 360 473 236 2
seq0_1027_1 1299583567.49 13 385 448 224 -8 366 457 228 2
seq0_1028_1 1299583567.50 23 391 431 215 11 372 441 220 2
seq0_1032_2 1299583567.79 89 -47 377 188 68 -41 378 189 2
seq0_1033_2 1299583567.83 83 -37 384 191 71 -29 375 187 2
seq0_1034_2 1299583567.86 78 -28 391 195 74 -17 373 186 2
seq0_1035_2 1299583567.90 73 -19 399 199 78 -6 371 185 2
seq0_1036_2 1299583567.93 74 -17 401 200 78 1 367 183 2
seq0_1037_2 1299583567.96 75 -15 403 201 79 8 363 181 2
seq0_1038_2 1299583568.06 77 -13 405 202 80 15 360 180 2
seq0_1039_2 1299583568.09 79 -10 399 199 82 20 356 178 2
seq0_1040_2 1299583568.13 81 -7 394 196 85 25 353 176 2
seq0_1041_2 1299583568.16 84 -5 389 194 88 31 350 175 1
seq0_1042_2 1299583568.26 85 3 380 189 83 38 349 174 1
seq0_1043_2 1299583568.29 86 12 371 185 79 44 348 174 1
seq0_1044_2 1299583568.33 87 21 362 181 75 52 348 174 1
seq0_1045_2 1299583568.36 91 23 357 178 81 56 341 170 1
seq0_1046_2 1299583568.40 95 25 352 175 88 60 334 167 1
seq0_1047_2 1299583568.43 100 28 347 173 95 65 328 164 1
seq0_1048_2 1299583568.46 101 38 343 171 98 72 324 162 1
seq0_1049_2 1299583568.49 104 48 340 169 101 79 320 160 1
seq0_1050_2 1299583568.59 106 58 337 168 104 86 316 158 1
seq0_1051_2 1299583568.63 110 66 332 165 112 88 307 153 1
seq0_1052_2 1299583568.66 115 75 327 163 121 89 298 149 1
seq0_1053_2 1299583568.70 120 84 323 161 130 92 290 145 1
seq0_1054_2 1299583568.79 121 89 316 157 130 99 286 143 1
seq0_1055_2 1299583568.83 122 95 309 154 130 107 282 141 1
seq0_1056_2 1299583568.86 124 101 302 151 131 115 278 139 1
seq0_1057_2 1299583568.90 124 102 302 151 130 119 276 138 1
seq0_1058_2 1299583568.93 124 104 302 151 130 124 274 137 1
seq0_1059_2 1299583569.03 124 106 302 151 130 129 273 136 1
seq0_1060_2 1299583569.06 128 110 296 148 134 135 270 134 1
seq0_1061_2 1299583569.10 131 114 290 145 138 141 267 133 1
seq0_1062_2 1299583569.13 136 118 285 142 142 148 264 132 1
seq0_1063_2 1299583569.16 136 126 285 142 145 155 260 130 1
seq0_1064_2 1299583569.20 136 134 285 142 149 163 256 128 1
seq0_1065_2 1299583569.30 137 143 285 142 153 171 252 126 1
seq0_1066_2 1299583569.33 137 143 284 142 152 173 251 125 1
seq0_1067_2 1299583569.36 138 143 284 142 152 175 250 124 1
seq0_1068_2 1299583569.40 139 144 284 142 152 177 249 124 1
seq0_1069_2 1299583569.43 141 153 278 139 153 179 246 122 1
seq0_1070_2 1299583569.46 142 163 272 136 154 182 243 121 1
seq0_1071_2 1299583569.50 145 173 267 133 156 185 240 120 1
seq0_1072_2 1299583569.60 147 176 264 132 157 189 238 119 1
seq0_1073_2 1299583569.63 151 180 262 131 159 193 236 118 1
seq0_1074_2 1299583569.67 154 184 260 130 161 197 234 117 1
seq0_1075_2 1299583569.70 157 193 255 127 168 204 226 113 1
seq0_1076_2 1299583569.80 160 202 251 125 176 212 218 109 1
seq0_1077_2 1299583569.83 164 212 247 123 184 220 210 105 1
seq0_1078_2 1299583569.86 166 215 243 121 184 220 209 104 1
seq0_1079_2 1299583569.90 169 218 240 119 184 222 208 104 1
seq0_1080_2 1299583570.00 172 222 237 118 185 223 208 104 1
seq0_1081_2 1299583570.03 172 224 233 116 182 226 207 103 1
seq0_1082_2 1299583570.06 173 226 230 114 179 229 206 103 1
seq0_1083_2 1299583570.10 174 229 227 113 177 233 206 103 1
seq0_1084_2 1299583570.13 174 230 225 112 178 238 204 102 1
seq0_1085_2 1299583570.16 175 231 223 111 179 243 202 101 1
seq0_1086_2 1299583570.20 176 232 221 110 180 248 201 100 1
