# exported and interpolated by Luciano Spinello [31]
seq0_0408_2 1299583536.22 285 1 177 88 294 34 161 80 2
seq0_0409_2 1299583536.26 286 4 177 88 294 34 160 79 2
seq0_0410_2 1299583536.29 288 7 178 88 294 35 159 79 2
seq0_0411_2 1299583536.39 290 10 179 89 294 36 159 79 2
seq0_0412_2 1299583536.42 293 12 171 85 287 37 162 80 2
seq0_0413_2 1299583536.46 297 15 164 81 281 40 165 82 2
seq0_0414_2 1299583536.49 301 18 157 78 275 42 169 84 2
seq0_0415_2 1299583536.52 300 21 158 78 273 45 170 85 2
seq0_0416_2 1299583536.62 299 25 159 79 271 48 172 86 2
seq0_0417_2 1299583536.66 299 29 160 80 269 52 174 87 2
seq0_0418_2 1299583536.69 295 29 164 82 268 52 173 86 2
seq0_0419_2 1299583536.72 291 29 168 84 268 52 172 85 2
seq0_0420_2 1299583536.76 288 29 172 86 268 53 171 85 2
seq0_0421_2 1299583536.86 286 34 174 87 266 55 172 85 2
seq0_0422_2 1299583536.89 285 38 177 88 264 58 173 86 2
seq0_0423_2 1299583536.92 284 44 180 90 262 61 174 87 1
seq0_0424_2 1299583537.02 274 46 187 93 260 62 172 86 1
seq0_0425_2 1299583537.06 264 48 194 97 259 63 171 85 1
seq0_0426_2 1299583537.09 254 51 202 101 258 65 170 85 1
seq0_0427_2 1299583537.19 256 53 194 97 253 68 174 87 1
seq0_0428_2 1299583537.22 258 55 186 93 249 71 178 89 1
seq0_0429_2 1299583537.26 260 58 179 89 245 75 183 91 2
seq0_0430_2 1299583537.36 258 62 180 90 243 79 183 91 2
seq0_0431_2 1299583537.39 256 66 182 91 242 83 183 91 2
seq0_0432_2 1299583537.43 255 71 184 92 241 87 183 91 1
seq0_0433_2 1299583537.46 258 71 176 88 241 89 180 89 1
seq0_0434_2 1299583537.49 261 71 168 84 241 92 177 88 1
seq0_0435_2 1299583537.53 265 71 161 80 241 95 175 87 1
seq0_0436_2 1299583537.63 266 75 159 79 240 97 174 86 1
seq0_0437_2 1299583537.66 267 79 158 78 239 100 173 86 1
seq0_0471_2 1299583539.39 164 128 284 142 174 130 253 126 2
seq0_0472_2 1299583539.49 165 126 281 140 172 128 254 126 2
seq0_0473_2 1299583539.53 167 125 278 139 171 126 255 127 2
seq0_0474_2 1299583539.56 169 124 276 138 170 125 256 128 2
seq0_0475_2 1299583539.60 163 117 289 144 164 121 264 132 2
seq0_0476_2 1299583539.69 157 112 302 150 158 117 272 136 2
seq0_0477_2 1299583539.73 151 106 315 157 153 113 280 140 2
seq0_0478_2 1299583539.76 148 104 320 159 153 112 281 140 2
seq0_0479_2 1299583539.80 146 102 325 162 153 110 283 141 2
seq0_0480_2 1299583539.89 144 101 330 165 154 110 285 142 2
seq0_0481_2 1299583539.93 142 96 330 165 149 105 290 144 2
seq0_0482_2 1299583539.96 141 91 330 165 144 101 295 147 2
seq0_0483_2 1299583540.00 140 87 330 165 139 97 300 150 1
seq0_0484_2 1299583540.09 133 81 337 168 134 94 306 153 1
seq0_0485_2 1299583540.13 126 76 344 172 131 92 313 156 1
seq0_0486_2 1299583540.16 120 71 352 176 127 90 320 160 1
seq0_0487_2 1299583540.19 118 73 356 178 121 85 326 163 1
seq0_0488_2 1299583540.23 116 75 360 180 116 80 332 166 1
seq0_0489_2 1299583540.33 115 77 365 182 111 76 339 169 1
seq0_0490_2 1299583540.36 117 68 366 182 110 69 345 172 1
seq0_0491_2 1299583540.40 119 59 367 183 108 63 351 175 1
seq0_0492_2 1299583540.43 121 51 368 184 108 57 358 179 1
seq0_0493_2 1299583540.53 115 46 381 190 101 48 368 184 1
seq0_0494_2 1299583540.56 109 43 394 196 93 39 378 189 1
seq0_0495_2 1299583540.60 104 39 407 203 87 30 389 194 1
seq0_0496_2 1299583540.70 87 29 421 210 79 20 398 198 1
seq0_0497_2 1299583540.73 72 19 436 217 70 11 407 203 1
seq0_0498_2 1299583540.76 56 10 451 225 63 2 417 208 1
seq0_0499_2 1299583540.86 54 1 462 231 55 -8 430 214 1
seq0_0500_2 1299583540.90 54 -6 474 237 46 -18 443 221 1
seq0_0501_2 1299583540.93 53 -15 486 243 39 -29 457 228 1
seq0_0502_2 1299583540.96 49 -35 490 245 40 -38 463 231 1
seq0_0503_2 1299583541.06 44 -55 494 247 42 -48 469 234 1
seq0_0504_2 1299583541.16 41 -75 499 249 44 -58 475 237 2
seq0_0505_2 1299583541.19 41 -79 501 250 42 -69 479 239 2
seq0_0506_2 1299583541.23 41 -83 503 251 40 -80 483 241 2
seq0_0513_1 1299583541.53 -23 381 569 284 -29 320 546 273 2
seq0_0514_1 1299583541.54 -21 363 573 286 -28 302 548 274 2
seq0_0515_1 1299583541.66 -19 346 577 288 -28 284 550 275 2
seq0_0516_1 1299583541.67 -18 329 581 290 -28 266 553 276 2
seq0_0517_1 1299583541.79 -21 314 585 292 -28 252 556 277 2
seq0_0518_1 1299583541.80 -25 300 589 294 -28 238 559 279 2
seq0_0519_1 1299583541.84 -29 286 594 297 -29 225 562 281 2
seq0_0520_1 1299583541.96 -30 256 597 298 -28 204 562 281 2
seq0_0521_1 1299583541.97 -31 226 600 299 -28 183 562 281 2
seq0_0522_1 1299583542.00 -33 197 603 301 -28 163 563 281 2
seq0_0523_1 1299583542.13 -28 189 605 302 -29 144 569 284 2
seq0_0524_1 1299583542.14 -23 180 608 303 -31 126 576 287 2
seq0_0525_1 1299583542.17 -18 173 611 305 -33 108 583 291 1
seq0_0526_1 1299583542.22 -22 134 620 310 -40 82 594 296 1
seq0_0527_1 1299583542.32 -26 95 630 315 -46 56 605 302 1
seq0_0528_1 1299583542.34 -31 56 640 320 -54 30 617 308 1
seq0_0529_1 1299583542.46 -36 38 643 321 -54 8 619 309 1
seq0_0530_1 1299583542.47 -41 21 646 322 -55 -13 621 310 1
seq0_0531_1 1299583542.51 -47 4 649 324 -56 -35 624 312 1
seq0_0532_1 1299583542.62 -37 -15 643 321 -52 -56 619 309 1
seq0_0533_1 1299583542.64 -27 -34 637 318 -49 -77 614 306 1
seq0_0534_0 1299583542.68 -10 382 611 305 -50 326 622 311 2
seq0_0535_0 1299583542.72 -15 363 618 309 -50 310 625 312 2
seq0_0536_0 1299583542.83 -20 344 626 313 -50 295 628 313 2
seq0_0540_0 1299583543.01 -4 269 603 301 -53 210 624 312 2
seq0_0541_0 1299583543.04 -3 253 598 299 -45 196 615 307 2
seq0_0542_0 1299583543.09 -2 237 594 297 -37 182 606 302 2
seq0_0543_0 1299583543.12 -2 222 590 295 -29 169 597 298 2
seq0_0544_0 1299583543.16 0 197 584 292 -29 152 590 294 2
seq0_0545_0 1299583543.26 0 172 578 289 -29 136 583 291 2
seq0_0546_0 1299583543.28 2 148 573 286 -30 120 577 288 2
seq0_0547_0 1299583543.31 -5 125 580 289 -30 96 580 290 2
seq0_0548_0 1299583543.43 -12 102 587 293 -30 73 584 292 2
seq0_0549_0 1299583543.44 -19 80 595 297 -31 50 588 294 2
seq0_0550_0 1299583543.48 -13 68 589 294 -38 42 593 296 2
seq0_0551_0 1299583543.52 -8 56 583 291 -45 34 598 298 2
seq0_0552_0 1299583543.56 -3 44 577 288 -53 27 603 301 2
seq0_0553_0 1299583543.59 -3 30 572 286 -50 12 596 297 2
seq0_0554_0 1299583543.70 -3 16 568 284 -46 -3 589 294 2
seq0_0555_0 1299583543.71 -3 2 564 282 -44 -18 583 291 2
seq0_0556_0 1299583543.74 -3 1 560 280 -42 -27 578 288 2
seq0_0557_0 1299583543.79 -3 0 557 278 -39 -35 573 286 2
seq0_0558_0 1299583543.82 -3 -1 554 277 -38 -45 569 284 2
seq0_0559_0 1299583543.86 -9 -4 557 278 -34 -60 563 281 2
seq0_0560_0 1299583543.96 -15 -7 560 280 -30 -75 557 278 2
seq0_0561_0 1299583543.98 -21 -11 564 282 -27 -91 552 276 2
seq0_0562_0 1299583544.01 -15 -41 553 276 -29 -104 554 277 2
seq0_0563_0 1299583544.05 -9 -70 542 271 -33 -117 557 278 2
seq0_0564_0 1299583544.09 -4 -101 532 266 -36 -130 560 280 2
