# exported and interpolated by Luciano Spinello [12]
seq0_0156_2 1299583523.34 252 47 152 76 237 90 167 83 2
seq0_0157_2 1299583523.38 253 47 150 75 237 90 166 82 2
seq0_0158_2 1299583523.47 254 48 148 74 238 90 165 82 2
seq0_0159_2 1299583523.51 256 49 147 73 239 91 164 82 2
seq0_0160_2 1299583523.55 248 57 146 72 236 98 161 80 2
seq0_0161_2 1299583523.64 240 65 145 72 233 105 159 79 2
seq0_0162_2 1299583523.67 233 74 145 72 231 113 157 78 2
seq0_0163_2 1299583523.71 232 80 138 68 229 114 157 78 2
seq0_0164_2 1299583523.75 231 86 131 65 227 115 157 78 2
seq0_0213_2 1299583526.25 234 285 114 57 234 293 131 65 2
seq0_0214_2 1299583526.28 237 285 115 57 235 293 131 65 2
seq0_0215_2 1299583526.31 241 285 116 57 236 294 131 65 2
seq0_0216_2 1299583526.35 245 286 117 58 237 295 131 65 2
seq0_0217_2 1299583526.44 245 288 115 57 237 295 130 64 2
seq0_0218_2 1299583526.48 245 290 114 56 237 296 129 64 2
seq0_0219_2 1299583526.52 246 293 113 56 238 297 129 64 2
seq0_0220_2 1299583526.61 246 296 118 58 238 302 128 63 2
seq0_0221_2 1299583526.64 246 300 123 61 239 307 127 63 2
seq0_0222_2 1299583526.74 246 304 128 64 240 313 127 63 2
