# exported and interpolated by Luciano Spinello [9]
seq0_0156_1 1299583523.25 1 7 625 312 -87 71 792 396 2
seq0_0157_1 1299583523.28 1 11 625 312 -56 103 753 376 2
seq0_0158_1 1299583523.33 1 15 626 312 -26 134 714 356 2
seq0_0159_1 1299583523.37 2 20 627 313 4 167 675 337 2
seq0_0160_1 1299583523.41 1 77 626 312 -17 197 699 349 2
seq0_0161_1 1299583523.57 1 134 625 312 -38 227 724 361 2
seq0_0162_1 1299583523.58 1 191 625 312 -59 258 749 374 2
seq0_0163_1 1299583523.62 0 223 602 300 -69 280 735 367 2
seq0_0164_1 1299583523.66 -1 255 579 289 -79 302 721 360 2
seq0_0168_2 1299583524.01 5 -19 603 301 -76 -59 657 328 2
seq0_0169_2 1299583524.04 5 -23 603 301 -78 -48 655 327 2
seq0_0170_2 1299583524.08 5 -27 603 301 -81 -39 653 326 2
seq0_0171_2 1299583524.11 5 -31 603 301 -84 -29 652 326 2
seq0_0172_2 1299583524.21 4 -27 602 300 -70 -9 631 315 2
seq0_0173_2 1299583524.24 3 -22 601 300 -58 9 611 305 2
seq0_0174_2 1299583524.28 3 -19 601 300 -45 29 591 295 2
seq0_0175_2 1299583524.38 5 1 577 288 -39 36 574 287 2
seq0_0176_2 1299583524.41 7 21 554 276 -35 43 558 279 2
seq0_0177_2 1299583524.44 9 41 531 265 -30 51 542 271 2
seq0_0178_2 1299583524.48 7 49 527 263 -29 54 535 267 2
seq0_0179_2 1299583524.51 6 57 523 261 -28 57 528 263 2
seq0_0180_2 1299583524.61 5 65 520 260 -28 60 521 260 2
seq0_0181_2 1299583524.64 4 72 519 259 -21 67 513 256 2
seq0_0182_2 1299583524.74 3 79 519 259 -14 74 505 252 2
seq0_0183_2 1299583524.78 2 86 519 259 -8 82 497 248 1
seq0_0184_2 1299583524.88 3 94 508 253 -6 88 488 243 1
seq0_0185_2 1299583524.91 5 103 497 248 -4 94 479 239 1
seq0_0186_2 1299583524.95 7 112 486 243 -2 101 471 235 1
seq0_0187_2 1299583524.98 5 115 486 243 1 105 464 231 1
seq0_0188_2 1299583525.01 4 118 486 243 4 108 457 228 1
seq0_0189_2 1299583525.05 3 121 486 243 7 113 451 225 1
seq0_0190_2 1299583525.14 20 120 468 234 27 118 429 214 1
seq0_0191_2 1299583525.18 38 119 450 225 48 124 407 203 1
seq0_0192_2 1299583525.21 56 119 433 216 69 130 386 193 1
seq0_0193_2 1299583525.25 60 123 421 210 69 128 382 191 1
seq0_0194_2 1299583525.34 65 127 410 204 71 126 379 189 1
seq0_0195_2 1299583525.38 70 132 399 199 72 125 376 188 1
seq0_0196_2 1299583525.41 69 126 397 198 74 124 371 185 1
seq0_0197_2 1299583525.45 68 122 395 197 76 124 366 182 1
seq0_0198_2 1299583525.48 68 117 394 197 79 124 361 180 1
seq0_0199_2 1299583525.58 76 112 383 191 85 120 351 175 1
seq0_0200_2 1299583525.61 84 109 372 185 93 117 342 170 1
seq0_0201_2 1299583525.64 92 105 361 180 100 114 333 166 1
seq0_0202_2 1299583525.68 103 101 353 176 110 111 323 161 1
seq0_0203_2 1299583525.78 114 98 346 172 119 109 313 156 1
seq0_0204_2 1299583525.81 126 95 339 169 130 107 304 152 1
seq0_0205_2 1299583525.84 128 93 333 166 129 107 302 151 1
seq0_0206_2 1299583525.88 130 91 327 163 128 108 300 150 1
seq0_0207_2 1299583525.92 132 90 321 160 128 109 298 149 1
seq0_0208_2 1299583526.01 127 90 320 160 129 105 294 147 1
seq0_0209_2 1299583526.05 123 90 320 160 132 103 291 145 1
seq0_0210_2 1299583526.08 119 91 320 160 134 100 288 144 1
seq0_0211_2 1299583526.12 126 82 313 156 140 98 279 139 1
seq0_0212_2 1299583526.21 133 74 307 153 148 95 271 135 1
seq0_0213_2 1299583526.25 141 66 301 150 155 94 263 131 1
seq0_0214_2 1299583526.28 146 62 292 145 157 89 260 129 1
seq0_0215_2 1299583526.31 151 59 283 141 160 84 257 128 1
seq0_0216_2 1299583526.35 157 56 275 137 163 80 254 127 1
seq0_0217_2 1299583526.44 156 51 277 138 163 74 255 127 1
seq0_0218_2 1299583526.48 155 47 280 139 163 68 256 127 1
seq0_0219_2 1299583526.52 155 43 283 141 164 62 257 128 1
seq0_0220_2 1299583526.61 154 38 278 139 166 58 251 125 1
seq0_0221_2 1299583526.64 155 33 274 137 168 55 246 122 1
seq0_0222_2 1299583526.74 155 29 270 135 170 52 241 120 1
seq0_0223_2 1299583526.78 162 28 261 130 174 47 239 119 1
seq0_0224_2 1299583526.88 169 28 252 126 178 42 237 118 1
seq0_0225_2 1299583526.91 176 28 244 122 182 38 236 118 2
seq0_0226_2 1299583526.95 171 21 250 125 180 34 236 118 2
seq0_0227_2 1299583526.98 167 15 257 128 178 31 237 118 2
seq0_0228_2 1299583527.01 163 9 264 132 176 28 238 119 2
seq0_0229_2 1299583527.05 167 7 257 128 175 26 236 118 2
seq0_0230_2 1299583527.15 171 6 250 125 175 23 235 117 2
seq0_0231_2 1299583527.18 175 5 244 122 175 22 234 117 2
seq0_0232_2 1299583527.22 179 4 243 121 181 21 226 113 2
seq0_0233_2 1299583527.31 183 3 242 121 188 20 218 109 2
seq0_0234_2 1299583527.35 187 3 242 121 195 19 211 105 2
seq0_0235_2 1299583527.38 188 2 240 120 195 15 212 105 2
seq0_0236_2 1299583527.48 190 2 239 119 195 11 213 106 2
seq0_0237_2 1299583527.51 192 2 238 119 196 8 215 107 2
seq0_0238_2 1299583527.55 193 -4 237 118 196 6 213 106 2
seq0_0239_2 1299583527.58 195 -10 236 117 197 4 211 105 2
seq0_0240_2 1299583527.62 197 -17 235 117 198 2 209 104 2
seq0_0241_2 1299583527.71 193 -22 243 121 198 -2 210 105 2
seq0_0242_2 1299583527.75 189 -28 251 125 199 -6 212 106 2
seq0_0267_1 1299583529.02 245 449 197 98 248 429 178 89 2
seq0_0268_1 1299583529.05 245 448 200 100 246 425 182 91 2
seq0_0269_1 1299583529.18 246 447 204 102 245 422 186 93 2
seq0_0270_1 1299583529.19 247 446 208 104 244 419 190 95 2
seq0_0271_1 1299583529.22 248 446 210 105 246 419 188 94 2
seq0_0272_1 1299583529.27 250 446 212 106 249 419 186 93 2
seq0_0273_1 1299583529.31 252 447 215 107 252 420 184 92 2
seq0_0274_1 1299583529.34 255 444 206 102 253 420 182 91 2
seq0_0275_1 1299583529.45 258 441 197 98 254 420 180 90 2
seq0_0276_1 1299583529.46 262 439 188 94 255 421 178 89 2
seq0_0277_1 1299583529.49 261 436 192 96 256 420 178 89 2
seq0_0278_1 1299583529.61 260 433 196 98 257 419 178 89 2
seq0_0279_1 1299583529.62 259 430 201 100 259 418 179 89 2
seq0_0280_1 1299583529.74 262 428 202 101 264 417 175 87 2
seq0_0281_1 1299583529.76 265 426 204 102 270 416 172 85 2
seq0_0282_1 1299583529.79 268 425 206 103 276 416 169 84 2
seq0_0283_1 1299583529.84 267 425 206 103 274 412 171 85 2
seq0_0284_1 1299583529.88 267 425 206 103 273 408 174 86 2
seq0_0285_1 1299583529.92 267 426 207 103 272 405 177 88 2
seq0_0286_1 1299583530.01 298 418 174 87 284 402 164 81 2
seq0_0287_1 1299583530.11 329 410 142 71 296 399 151 75 2
seq0_0288_1 1299583530.12 361 402 110 55 308 397 138 69 2
seq0_0289_1 1299583530.16 350 402 122 61 302 391 146 73 2
seq0_0290_1 1299583530.20 339 402 134 67 297 386 155 77 2
seq0_0291_1 1299583530.31 329 403 147 73 292 381 164 82 2
seq0_0292_1 1299583530.32 331 401 146 73 300 382 157 78 2
seq0_0293_1 1299583530.36 334 399 146 73 309 383 150 75 2
seq0_0294_1 1299583530.40 337 397 146 73 318 384 144 72 2
seq0_0295_1 1299583530.44 321 395 158 79 314 381 145 72 2
seq0_0296_1 1299583530.55 306 393 171 85 310 378 147 73 2
seq0_0297_1 1299583530.56 291 391 184 92 307 375 149 74 2
seq0_0298_1 1299583530.59 292 388 186 93 302 370 155 77 2
seq0_0299_1 1299583530.71 293 385 189 94 297 365 161 80 2
seq0_0300_1 1299583530.81 294 383 192 96 293 361 168 84 2
seq0_0301_1 1299583530.82 294 380 192 96 296 362 164 82 2
seq0_0302_1 1299583530.86 295 378 192 96 300 364 161 80 2
seq0_0303_1 1299583530.90 296 376 192 96 304 366 158 79 2
seq0_0304_1 1299583530.94 303 375 185 92 304 365 159 79 2
seq0_0305_1 1299583530.97 310 374 179 89 305 364 161 80 2
seq0_0306_1 1299583531.08 318 373 173 86 306 363 163 81 2
seq0_0307_1 1299583531.09 316 370 174 86 306 358 161 80 2
seq0_0308_1 1299583531.21 314 367 175 87 307 354 159 79 2
seq0_0309_1 1299583531.22 312 364 177 88 308 350 157 78 2
seq0_0310_1 1299583531.26 317 362 174 86 312 347 157 78 2
seq0_0311_1 1299583531.30 323 360 171 85 316 345 157 78 2
seq0_0312_1 1299583531.41 329 359 169 84 321 343 157 78 2
seq0_0313_1 1299583531.42 330 357 169 84 325 343 153 76 2
seq0_0314_1 1299583531.46 331 355 169 84 329 344 149 74 2
seq0_0315_1 1299583531.58 332 353 170 85 334 345 145 72 2
seq0_0316_1 1299583531.59 331 350 169 84 334 343 143 71 2
seq0_0317_1 1299583531.62 331 347 168 84 335 341 141 70 2
seq0_0318_1 1299583531.67 331 345 168 84 336 340 140 70 2
seq0_0319_1 1299583531.71 334 344 164 82 334 338 141 70 2
seq0_0320_1 1299583531.74 338 343 160 80 332 336 143 71 2
seq0_0321_1 1299583531.85 342 342 157 78 330 334 145 72 2
seq0_0322_1 1299583531.86 343 341 158 78 334 334 142 70 2
seq0_0323_1 1299583531.89 344 340 159 79 339 334 139 69 2
seq0_0324_1 1299583531.94 345 340 160 80 344 335 136 68 2
seq0_0325_1 1299583532.05 350 340 155 77 340 333 140 70 2
seq0_0326_1 1299583532.06 355 340 150 74 336 331 145 72 2
seq0_0327_1 1299583532.09 361 340 145 72 333 329 150 75 2
seq0_0328_1 1299583532.21 362 337 143 71 339 327 143 71 2
seq0_0329_1 1299583532.23 363 335 142 70 345 325 137 68 2
seq0_0330_1 1299583532.26 365 333 141 70 352 324 131 65 2
seq0_0331_1 1299583532.31 370 329 139 69 349 323 134 66 2
seq0_0332_1 1299583532.34 376 325 137 68 347 322 137 68 2
seq0_0333_1 1299583532.38 382 321 136 68 345 321 141 70 2
seq0_0334_1 1299583532.41 390 318 131 65 349 319 137 68 2
seq0_0335_1 1299583532.46 398 316 126 63 354 317 133 66 2
seq0_0336_1 1299583532.54 406 314 122 61 359 315 129 64 2
seq0_0337_1 1299583532.65 397 312 127 63 356 313 134 67 2
seq0_0338_1 1299583532.66 388 310 132 66 353 311 140 70 2
seq0_0339_1 1299583532.69 380 309 138 69 351 309 146 73 2
seq0_0340_1 1299583532.74 380 306 139 69 352 306 145 72 2
seq0_0341_1 1299583532.85 381 303 140 70 353 304 144 71 2
seq0_0342_1 1299583532.86 382 300 142 71 354 302 143 71 2
seq0_0343_1 1299583532.89 385 300 138 69 351 300 147 73 2
seq0_0344_1 1299583532.94 388 300 134 67 348 299 151 75 2
seq0_0345_1 1299583533.05 391 300 130 65 345 298 155 77 2
seq0_0346_1 1299583533.06 388 298 133 66 346 297 156 77 2
seq0_0347_1 1299583533.09 385 297 137 68 347 297 157 78 2
seq0_0348_1 1299583533.14 382 296 141 70 349 297 158 79 2
seq0_0349_1 1299583533.25 383 292 140 69 354 295 155 77 2
seq0_0350_1 1299583533.27 385 288 139 69 359 294 152 76 2
seq0_0351_1 1299583533.29 387 285 139 69 364 293 150 75 2
seq0_0352_1 1299583533.34 379 281 146 72 361 289 149 74 2
seq0_0353_1 1299583533.45 372 278 153 76 358 286 148 73 2
seq0_0354_1 1299583533.46 365 275 160 80 355 283 147 73 2
seq0_0355_1 1299583533.58 373 269 151 75 363 279 139 69 2
seq0_0356_1 1299583533.59 382 263 142 70 371 275 131 65 2
seq0_0357_1 1299583533.72 391 258 133 66 379 272 123 61 2
seq0_0358_1 1299583533.82 395 253 130 64 388 272 114 56 2
seq0_0359_1 1299583533.83 399 249 127 63 397 272 105 52 2
seq0_0360_1 1299583533.86 403 245 124 62 407 272 96 48 2
seq0_0361_1 1299583533.91 399 241 128 64 407 268 95 47 2
seq0_0362_1 1299583533.94 396 237 133 66 407 264 95 47 2
seq0_0363_1 1299583533.98 393 234 138 69 408 260 95 47 2
seq0_0364_1 1299583534.01 396 233 133 66 409 256 93 46 2
seq0_0365_1 1299583534.11 399 232 128 64 411 252 91 45 2
seq0_0366_1 1299583534.13 403 232 124 62 413 249 90 45 2
seq0_0367_1 1299583534.16 398 226 129 64 409 248 92 46 2
seq0_0368_1 1299583534.21 393 220 134 67 406 247 94 47 2
seq0_0369_1 1299583534.25 389 215 140 70 403 246 96 48 2
