# exported and interpolated by Luciano Spinello [2]
seq0_0000_1 1299583515.24 122 384 290 145 130 379 253 126 1
seq0_0001_1 1299583515.29 120 371 289 144 130 369 255 127 1
seq0_0002_1 1299583515.39 118 358 289 144 130 359 258 128 1
seq0_0003_1 1299583515.41 117 345 289 144 130 349 261 130 1
seq0_0004_1 1299583515.44 118 331 288 143 129 334 260 130 1
seq0_0005_1 1299583515.49 119 317 287 143 128 319 260 130 1
seq0_0006_1 1299583515.60 121 303 287 143 128 305 260 130 2
seq0_0007_1 1299583515.61 124 295 282 140 128 299 258 129 2
seq0_0008_1 1299583515.64 127 287 277 138 128 293 257 128 2
seq0_0009_1 1299583515.69 131 279 272 136 129 287 256 128 1
seq0_0010_1 1299583515.72 131 273 271 135 132 280 253 126 1
seq0_0011_1 1299583515.76 132 268 271 135 135 273 250 124 1
seq0_0012_1 1299583515.79 133 263 271 135 139 266 247 123 1
seq0_0013_1 1299583515.96 133 238 269 134 138 245 245 122 1
seq0_0014_1 1299583515.97 134 213 267 133 137 225 243 121 1
seq0_0015_1 1299583516.09 135 188 265 132 137 205 241 120 1
seq0_0016_1 1299583516.11 135 183 265 132 136 192 243 121 1
seq0_0017_1 1299583516.19 135 179 265 132 135 179 245 122 1
seq0_0018_1 1299583516.24 135 175 265 132 134 167 247 123 1
seq0_0019_1 1299583516.28 136 162 266 132 132 157 250 125 1
seq0_0020_1 1299583516.40 137 150 267 133 130 147 254 127 1
seq0_0021_1 1299583516.41 138 138 268 134 128 138 258 129 1
seq0_0022_1 1299583516.53 136 129 269 134 131 131 252 126 1
seq0_0023_1 1299583516.54 135 120 270 134 134 124 247 123 1
seq0_0024_1 1299583516.57 134 112 271 135 138 118 242 121 1
seq0_0025_1 1299583516.62 137 98 267 133 141 108 240 120 1
seq0_0026_1 1299583516.73 140 84 264 131 144 99 238 119 1
seq0_0027_1 1299583516.74 144 71 261 130 147 90 236 118 1
seq0_0028_1 1299583516.86 145 62 259 129 148 81 234 117 1
seq0_0029_1 1299583516.87 146 53 257 128 149 72 232 116 1
seq0_0030_1 1299583516.91 148 44 255 127 150 63 231 115 1
seq0_0031_1 1299583516.96 147 34 254 126 148 52 232 116 1
seq0_0032_1 1299583517.06 147 24 253 126 146 41 234 117 1
seq0_0033_1 1299583517.07 147 15 253 126 145 31 236 118 1
seq0_0034_1 1299583517.11 147 10 254 126 144 26 237 118 1
seq0_0035_1 1299583517.16 147 6 255 127 143 21 239 119 1
seq0_0036_1 1299583517.19 147 2 257 128 143 17 241 120 1
seq0_0037_1 1299583517.23 144 2 260 129 142 10 242 120 1
seq0_0038_1 1299583517.26 141 2 263 131 142 4 243 121 1
seq0_0042_0 1299583517.60 168 397 225 112 162 397 229 114 1
seq0_0043_0 1299583517.61 167 390 228 113 165 389 224 111 1
seq0_0044_0 1299583517.65 167 383 231 115 168 381 219 109 1
seq0_0045_0 1299583517.77 167 376 234 117 172 373 215 107 1
seq0_0046_0 1299583517.78 166 360 232 116 172 363 213 106 1
seq0_0047_0 1299583517.81 165 345 230 115 172 353 212 105 1
seq0_0048_0 1299583517.93 164 330 229 114 172 344 211 105 1
seq0_0049_0 1299583517.95 164 323 228 114 173 335 209 104 1
seq0_0050_0 1299583518.06 164 316 228 114 174 326 207 103 1
seq0_0051_0 1299583518.08 164 309 228 114 175 318 205 102 1
seq0_0052_0 1299583518.12 168 302 222 111 173 309 206 102 1
seq0_0053_0 1299583518.23 172 295 216 108 171 301 207 103 1
seq0_0054_0 1299583518.25 176 288 211 105 170 293 209 104 1
seq0_0055_0 1299583518.37 176 278 208 104 172 285 203 101 1
seq0_0056_0 1299583518.38 176 268 206 103 175 278 198 98 1
seq0_0057_0 1299583518.41 177 258 204 102 178 271 193 96 1
seq0_0058_0 1299583518.54 178 252 203 101 181 265 190 95 1
seq0_0059_0 1299583518.55 179 246 203 101 184 259 188 94 1
seq0_0060_0 1299583518.58 180 241 203 101 187 254 186 93 1
seq0_0061_0 1299583518.66 180 234 201 100 187 245 186 93 1
seq0_0062_0 1299583518.69 180 227 199 99 187 236 186 93 1
seq0_0063_0 1299583518.77 181 221 197 98 188 228 187 93 1
seq0_0064_0 1299583518.78 183 213 195 97 191 221 181 90 1
seq0_0065_0 1299583518.82 185 205 193 96 194 214 176 87 1
seq0_0066_0 1299583518.93 188 198 191 95 197 208 171 85 1
seq0_0067_0 1299583518.95 188 193 189 94 197 205 171 85 1
seq0_0068_0 1299583518.98 189 188 188 93 198 202 171 85 1
seq0_0069_0 1299583519.03 190 184 187 93 199 199 171 85 1
seq0_0070_0 1299583519.06 186 176 191 95 198 194 171 85 1
seq0_0071_0 1299583519.10 182 168 195 97 197 189 171 85 1
seq0_0072_0 1299583519.13 178 161 199 99 197 185 172 86 1
seq0_0073_0 1299583519.16 182 157 191 95 198 183 168 84 1
seq0_0074_0 1299583519.20 186 153 183 91 199 181 165 82 1
seq0_0075_0 1299583519.27 191 150 176 88 200 179 162 81 1
seq0_0076_0 1299583519.43 193 138 175 87 203 167 159 79 1
seq0_0077_0 1299583519.45 195 126 175 87 206 155 157 78 1
seq0_0078_0 1299583519.48 198 115 175 87 210 144 155 77 1
seq0_0079_0 1299583519.60 199 105 172 86 208 137 156 77 1
seq0_0080_0 1299583519.62 201 95 170 85 207 131 157 78 1
seq0_0081_0 1299583519.65 203 86 168 84 206 125 158 79 1
seq0_0082_0 1299583519.77 203 80 168 84 205 117 157 78 1
seq0_0083_0 1299583519.78 203 74 169 84 204 110 156 77 1
seq0_0084_0 1299583519.82 203 69 170 85 204 103 155 77 1
seq0_0085_0 1299583519.86 203 62 167 83 204 94 155 77 1
seq0_0086_0 1299583519.90 203 55 164 82 205 86 155 77 1
seq0_0087_0 1299583520.00 203 49 162 81 206 78 155 77 1
seq0_0088_0 1299583520.02 202 46 157 78 207 74 154 76 1
seq0_0089_0 1299583520.05 201 43 152 76 208 70 153 76 1
seq0_0090_0 1299583520.09 201 41 148 74 210 67 152 76 1
seq0_0091_0 1299583520.20 202 34 147 73 215 60 145 72 1
seq0_0092_0 1299583520.22 204 28 147 73 220 53 138 68 1
seq0_0093_0 1299583520.25 206 22 147 73 226 47 131 65 2
