# exported and interpolated by Luciano Spinello [14]
seq0_0213_2 1299583526.25 258 236 103 51 249 242 112 56 2
seq0_0214_2 1299583526.28 255 234 107 53 247 243 114 57 2
seq0_0215_2 1299583526.31 253 232 111 55 246 244 116 58 2
seq0_0216_2 1299583526.35 251 230 115 57 245 245 118 59 2
seq0_0217_2 1299583526.44 248 230 123 61 244 244 120 60 2
seq0_0218_2 1299583526.48 245 230 131 65 242 243 122 61 2
seq0_0219_2 1299583526.52 243 230 139 69 242 243 125 62 2
seq0_0220_2 1299583526.61 243 229 140 69 241 241 126 62 2
seq0_0221_2 1299583526.64 243 229 141 70 240 240 127 63 2
seq0_0222_2 1299583526.74 244 229 142 71 240 239 128 64 2
seq0_0223_2 1299583526.78 243 226 141 70 240 238 128 64 2
seq0_0224_2 1299583526.88 243 223 140 70 240 238 128 64 2
seq0_0225_2 1299583526.91 243 221 140 70 241 238 128 64 2
seq0_0226_2 1299583526.95 240 219 142 71 240 238 127 63 2
seq0_0227_2 1299583526.98 238 218 145 72 240 239 126 62 2
seq0_0228_2 1299583527.01 236 217 148 74 240 240 125 62 2
seq0_0229_2 1299583527.05 236 217 147 73 238 238 128 63 2
seq0_0230_2 1299583527.15 236 218 147 73 237 238 131 65 2
seq0_0231_2 1299583527.18 236 219 147 73 236 237 135 67 2
seq0_0232_2 1299583527.22 235 216 153 76 235 236 136 67 2
seq0_0233_2 1299583527.31 234 214 159 79 234 235 137 68 2
seq0_0234_2 1299583527.35 233 212 166 83 234 235 138 69 2
seq0_0235_2 1299583527.38 231 214 163 81 230 231 141 70 2
seq0_0236_2 1299583527.48 230 216 160 80 226 228 144 72 2
seq0_0237_2 1299583527.51 229 219 158 79 223 225 148 74 2
seq0_0238_2 1299583527.55 226 216 164 82 223 223 147 73 2
seq0_0239_2 1299583527.58 223 213 170 85 224 221 146 72 2
seq0_0240_2 1299583527.62 221 210 176 88 225 220 145 72 2
seq0_0241_2 1299583527.71 219 206 180 90 223 217 149 74 2
seq0_0242_2 1299583527.75 217 202 184 92 222 215 153 76 2
seq0_0243_2 1299583527.85 216 198 189 94 221 213 157 78 2
seq0_0244_2 1299583527.88 215 196 188 93 219 211 159 79 2
seq0_0245_2 1299583527.98 214 194 187 93 217 209 161 80 2
seq0_0246_2 1299583528.01 213 192 187 93 215 208 164 82 1
seq0_0247_2 1299583528.05 210 190 190 95 213 207 166 83 1
seq0_0248_2 1299583528.08 207 189 194 97 211 206 168 84 1
seq0_0249_2 1299583528.18 205 188 198 99 209 206 170 85 1
seq0_0250_2 1299583528.21 206 184 198 99 209 204 170 85 1
seq0_0251_2 1299583528.25 207 180 198 99 209 203 171 85 1
seq0_0252_2 1299583528.28 208 176 198 99 210 202 172 86 1
seq0_0253_2 1299583528.38 208 174 196 98 208 196 174 87 1
seq0_0254_2 1299583528.42 208 173 195 97 207 191 176 88 1
seq0_0255_2 1299583528.45 209 172 194 97 206 186 178 89 1
seq0_0256_2 1299583528.55 204 163 199 99 203 180 180 90 1
seq0_0257_2 1299583528.58 200 154 204 101 200 175 182 91 1
seq0_0258_2 1299583528.62 196 145 209 104 197 170 184 92 1
seq0_0259_2 1299583528.65 195 144 209 104 196 165 187 93 1
seq0_0260_2 1299583528.75 195 143 210 104 195 161 190 94 1
seq0_0261_2 1299583528.78 195 142 211 105 194 157 193 96 1
seq0_0262_2 1299583528.82 188 138 218 109 193 154 195 97 1
seq0_0263_2 1299583528.91 181 134 226 113 192 151 197 98 1
seq0_0264_2 1299583528.95 174 130 234 117 191 149 200 100 1
seq0_0265_2 1299583528.98 173 118 236 118 186 141 205 102 1
seq0_0266_2 1299583529.08 173 106 239 119 182 134 210 104 1
seq0_0267_2 1299583529.11 173 94 242 121 178 127 215 107 1
seq0_0268_2 1299583529.15 170 84 248 124 180 123 214 106 1
seq0_0269_2 1299583529.25 168 74 254 127 183 119 213 106 1
seq0_0270_2 1299583529.28 166 65 261 130 186 115 213 106 1
seq0_0271_2 1299583529.32 163 63 262 131 183 105 218 108 1
seq0_0272_2 1299583529.35 161 61 264 132 180 96 223 111 1
seq0_0273_2 1299583529.38 159 60 266 133 177 87 228 114 1
seq0_0274_2 1299583529.42 158 48 269 134 170 77 235 117 1
seq0_0275_2 1299583529.52 158 36 272 135 163 68 243 121 1
seq0_0276_2 1299583529.55 158 25 275 137 156 59 251 125 1
seq0_0277_2 1299583529.58 152 19 279 139 154 49 254 126 1
seq0_0278_2 1299583529.68 147 13 283 141 152 40 257 128 1
seq0_0279_2 1299583529.72 142 8 288 144 150 31 260 130 1
seq0_0280_2 1299583529.81 140 -3 290 145 152 20 261 130 1
seq0_0281_2 1299583529.85 138 -14 292 146 153 9 262 131 1
seq0_0282_2 1299583529.89 137 -25 294 147 156 -1 264 132 2
seq0_0283_2 1299583529.98 138 -24 300 150 150 -13 270 135 2
seq0_0284_2 1299583530.01 139 -23 306 153 145 -25 276 138 2
seq0_0291_1 1299583530.31 100 421 332 166 103 378 304 152 2
seq0_0292_1 1299583530.32 97 413 336 168 104 371 304 152 2
seq0_0293_1 1299583530.36 95 405 341 170 105 365 304 152 2
seq0_0294_1 1299583530.40 93 398 346 173 107 359 304 152 2
seq0_0295_1 1299583530.44 98 370 337 168 107 347 302 151 2
seq0_0296_1 1299583530.55 102 342 328 164 108 335 300 150 2
seq0_0297_1 1299583530.56 108 315 320 160 109 323 298 149 1
seq0_0298_1 1299583530.59 110 304 316 158 111 307 294 147 1
seq0_0299_1 1299583530.71 114 293 313 156 113 291 290 145 1
seq0_0300_1 1299583530.81 117 282 310 155 116 276 287 143 1
seq0_0301_1 1299583530.82 118 279 309 154 118 269 285 142 1
seq0_0302_1 1299583530.86 119 277 308 153 120 262 284 141 1
seq0_0303_1 1299583530.90 120 275 307 153 123 256 283 141 1
seq0_0304_1 1299583530.94 123 249 300 150 124 245 280 139 1
seq0_0305_1 1299583530.97 128 224 294 147 125 235 277 138 1
seq0_0306_1 1299583531.08 132 199 288 144 127 225 274 137 1
seq0_0307_1 1299583531.09 131 190 287 143 128 212 272 136 1
seq0_0308_1 1299583531.21 131 181 287 143 129 199 270 135 1
seq0_0309_1 1299583531.22 131 173 287 143 130 187 268 134 1
seq0_0310_1 1299583531.26 131 171 288 143 133 181 265 132 1
seq0_0311_1 1299583531.30 131 169 289 144 136 175 263 131 1
seq0_0312_1 1299583531.41 132 167 291 145 140 170 261 130 1
seq0_0313_1 1299583531.42 130 154 289 144 137 161 261 130 1
seq0_0314_1 1299583531.46 130 142 288 143 136 153 262 130 1
seq0_0315_1 1299583531.58 129 130 287 143 134 145 263 131 1
seq0_0316_1 1299583531.59 127 123 286 143 136 139 259 129 1
seq0_0317_1 1299583531.62 127 116 286 143 138 133 256 127 1
seq0_0318_1 1299583531.67 126 109 286 143 141 128 253 126 1
seq0_0319_1 1299583531.71 130 104 282 141 145 122 247 123 1
seq0_0320_1 1299583531.74 134 99 278 139 149 116 241 120 1
seq0_0321_1 1299583531.85 139 95 274 137 154 110 236 118 1
seq0_0322_1 1299583531.86 142 92 271 135 153 106 237 118 1
seq0_0323_1 1299583531.89 144 89 268 134 153 102 238 118 1
seq0_0324_1 1299583531.94 148 87 266 133 153 99 239 119 1
seq0_0325_1 1299583532.05 150 76 262 131 155 93 233 116 1
seq0_0326_1 1299583532.06 151 65 258 129 157 88 228 113 1
seq0_0327_1 1299583532.09 154 55 255 127 160 83 223 111 1
seq0_0328_1 1299583532.21 154 49 253 126 162 78 219 109 1
seq0_0329_1 1299583532.23 154 44 251 125 164 73 216 107 1
seq0_0330_1 1299583532.26 155 39 249 124 167 69 213 106 1
seq0_0331_1 1299583532.31 159 38 244 122 169 64 211 105 1
seq0_0332_1 1299583532.34 163 37 240 120 171 59 209 104 1
seq0_0333_1 1299583532.38 167 37 236 118 173 55 208 104 1
seq0_0334_1 1299583532.41 164 32 239 119 176 54 205 102 1
seq0_0335_1 1299583532.46 161 27 242 120 179 55 202 101 1
seq0_0336_1 1299583532.54 158 23 245 122 182 55 200 100 1
seq0_0337_1 1299583532.65 160 18 238 119 180 52 201 100 1
seq0_0338_1 1299583532.66 163 14 232 116 178 49 202 100 1
seq0_0339_1 1299583532.69 166 10 226 113 176 47 203 101 1
seq0_0340_1 1299583532.74 171 11 222 111 181 46 196 98 1
seq0_0341_1 1299583532.85 176 12 218 109 186 45 190 95 1
seq0_0342_1 1299583532.86 181 14 214 107 192 45 184 92 1
seq0_0343_1 1299583532.89 184 14 210 105 193 43 184 92 1
seq0_0344_1 1299583532.94 187 14 207 103 194 41 184 92 1
seq0_0345_1 1299583533.05 190 15 204 102 195 39 184 92 1
seq0_0346_1 1299583533.06 189 13 203 101 194 38 182 91 1
seq0_0347_1 1299583533.09 189 13 202 101 193 37 181 90 1
seq0_0348_1 1299583533.14 189 12 202 101 193 37 180 90 1
seq0_0349_1 1299583533.25 192 10 197 98 194 36 179 89 1
seq0_0350_1 1299583533.27 195 8 192 95 195 36 178 88 1
seq0_0351_1 1299583533.29 198 6 187 93 196 36 177 88 1
seq0_0352_1 1299583533.34 201 6 184 91 200 35 172 86 1
seq0_0353_1 1299583533.45 204 6 181 90 204 34 168 84 1
seq0_0354_1 1299583533.46 207 6 179 89 208 33 164 82 1
seq0_0355_1 1299583533.58 206 6 178 89 206 31 164 82 1
seq0_0356_1 1299583533.59 205 6 178 89 205 30 164 82 1
seq0_0357_1 1299583533.72 205 6 178 89 204 29 165 82 1
seq0_0358_1 1299583533.82 206 5 177 88 206 28 160 79 1
seq0_0359_1 1299583533.83 207 5 176 87 209 27 155 77 1
seq0_0360_1 1299583533.86 208 5 175 87 212 27 150 75 2
seq0_0361_1 1299583533.91 211 5 171 85 212 26 150 75 2
seq0_0362_1 1299583533.94 214 6 168 83 212 25 151 75 2
seq0_0798_1 1299583556.69 247 -5 126 63 236 30 120 60 2
seq0_0799_1 1299583556.72 243 -3 128 64 235 28 120 60 2
seq0_0800_1 1299583556.77 239 -1 130 65 235 28 121 60 2
seq0_0801_1 1299583556.81 236 1 133 66 235 27 122 61 2
seq0_0802_1 1299583556.84 237 0 133 66 234 24 122 61 2
seq0_0803_1 1299583556.94 238 0 134 66 234 22 123 61 2
seq0_0804_1 1299583556.95 239 0 135 67 234 20 124 62 2
seq0_0805_1 1299583556.99 239 0 133 66 233 20 125 62 2
seq0_0806_1 1299583557.04 239 0 132 65 232 20 126 63 2
seq0_0807_1 1299583557.07 239 0 131 65 232 21 128 64 2
seq0_0808_1 1299583557.17 238 0 131 65 231 21 128 64 2
seq0_0809_1 1299583557.19 237 1 131 65 230 21 128 64 2
seq0_0810_1 1299583557.22 236 2 132 66 229 21 129 64 2
seq0_0811_1 1299583557.27 236 0 130 65 229 20 127 63 2
seq0_0812_1 1299583557.31 237 -3 128 64 231 21 126 62 2
seq0_0813_1 1299583557.41 238 -6 126 63 232 21 125 62 2
seq0_0814_1 1299583557.42 235 -5 130 65 231 19 126 62 2
seq0_0815_1 1299583557.45 232 -4 134 67 229 18 127 63 2
seq0_0816_1 1299583557.58 230 -3 139 69 229 17 129 64 2
seq0_0817_1 1299583557.59 232 -7 137 68 227 16 130 64 2
seq0_0818_1 1299583557.62 235 -12 136 67 226 16 131 65 2
seq0_0819_1 1299583557.67 238 -17 135 67 225 16 132 66 2
seq0_0820_1 1299583557.78 240 -14 132 65 227 15 130 65 2
seq0_0821_1 1299583557.79 242 -12 129 64 229 15 129 64 2
seq0_0822_1 1299583557.82 244 -10 126 63 231 15 128 64 2
seq0_0823_1 1299583557.95 242 -9 129 64 230 16 128 64 2
seq0_0824_1 1299583557.96 240 -9 133 66 229 17 129 64 2
seq0_0825_1 1299583557.99 238 -9 137 68 229 18 130 65 2
seq0_0826_1 1299583558.04 237 -13 138 68 227 15 131 65 2
seq0_0827_1 1299583558.07 236 -17 139 69 225 13 132 65 2
seq0_0828_1 1299583558.11 235 -22 140 70 224 11 133 66 2
seq0_0829_1 1299583558.21 234 -23 139 69 224 11 133 66 2
seq0_0830_1 1299583558.22 234 -24 139 69 224 11 133 66 2
seq0_0831_1 1299583558.26 234 -26 139 69 224 11 134 67 2
seq0_0832_1 1299583558.30 234 -23 138 68 224 10 133 66 2
seq0_0833_1 1299583558.34 235 -19 137 68 225 10 133 66 2
seq0_0834_1 1299583558.37 236 -17 136 68 226 10 133 66 2
seq0_0835_1 1299583558.48 234 -15 138 69 223 9 135 67 2
seq0_0836_1 1299583558.49 233 -14 140 70 221 8 138 68 2
seq0_0837_1 1299583558.52 232 -13 142 71 219 7 141 70 2
seq0_0838_1 1299583558.57 231 -13 137 68 219 6 143 71 2
seq0_0839_1 1299583558.68 230 -12 132 66 219 6 145 72 2
seq0_0840_1 1299583558.69 230 -13 128 64 219 6 148 74 2
seq0_0841_1 1299583558.72 230 -13 132 66 220 8 144 72 2
seq0_0842_1 1299583558.84 231 -13 137 68 221 11 141 70 2
seq0_0843_1 1299583558.86 232 -14 142 71 222 14 138 69 2
seq0_0844_1 1299583558.89 232 -13 141 70 221 13 139 69 2
seq0_0845_1 1299583559.01 232 -13 141 70 220 12 141 70 2
seq0_0846_1 1299583559.02 232 -13 141 70 219 12 143 71 2
seq0_0847_1 1299583559.06 232 -15 141 70 220 12 141 70 2
seq0_0848_1 1299583559.10 232 -18 141 70 221 13 139 69 2
seq0_0849_1 1299583559.14 232 -21 141 70 223 14 137 68 2
seq0_0850_1 1299583559.24 231 -19 142 71 219 12 140 69 2
seq0_0851_1 1299583559.26 230 -17 144 72 215 10 143 71 2
seq0_0852_1 1299583559.38 229 -15 146 73 212 9 147 73 2
seq0_0853_1 1299583559.39 225 -14 150 75 212 8 146 72 2
seq0_0854_1 1299583559.51 222 -14 154 77 212 7 145 72 2
seq0_0855_1 1299583559.52 219 -14 159 79 213 7 145 72 2
seq0_0856_1 1299583559.56 219 -18 157 78 212 5 146 73 2
seq0_0857_1 1299583559.61 220 -22 155 77 211 4 148 74 2
seq0_0858_1 1299583559.64 221 -27 154 77 211 3 150 75 2
seq0_0859_1 1299583559.68 221 -22 154 77 212 1 150 75 2
seq0_0860_1 1299583559.78 222 -17 155 77 214 -1 151 75 2
seq0_0861_1 1299583559.79 223 -13 156 78 216 -3 152 76 2
seq0_0862_1 1299583559.82 222 -12 158 79 212 -4 156 78 2
seq0_0863_1 1299583559.95 221 -13 161 80 208 -5 160 80 2
seq0_0882_0 1299583560.85 208 426 186 93 208 415 171 85 2
seq0_0883_0 1299583560.87 206 421 186 93 207 413 171 85 2
seq0_0884_0 1299583560.90 204 416 186 93 207 411 171 85 2
seq0_0885_0 1299583560.94 202 412 186 93 207 409 171 85 2
seq0_0886_0 1299583560.98 204 409 184 92 205 404 174 87 2
seq0_0887_0 1299583561.01 206 406 183 91 203 399 178 89 2
seq0_0888_0 1299583561.11 208 404 182 91 201 395 182 91 2
seq0_0889_0 1299583561.13 206 402 185 92 203 396 179 89 2
seq0_0890_0 1299583561.17 204 400 188 93 205 397 176 88 2
seq0_0891_0 1299583561.21 202 399 191 95 208 399 174 87 1
seq0_0892_0 1299583561.32 203 399 189 94 208 397 173 86 1
seq0_0893_0 1299583561.33 205 399 187 93 209 395 172 86 1
seq0_0894_0 1299583561.37 207 399 185 92 210 394 172 86 1
seq0_0895_0 1299583561.41 205 398 187 93 210 395 172 86 1
seq0_0896_0 1299583561.45 203 397 190 94 210 396 173 86 1
seq0_0897_0 1299583561.48 201 397 193 96 210 397 174 87 1
seq0_0898_0 1299583561.51 200 393 192 95 209 395 173 86 1
seq0_0899_0 1299583561.62 200 390 191 95 208 393 172 85 1
seq0_0900_0 1299583561.63 200 387 190 95 208 392 171 85 1
seq0_0901_0 1299583561.67 198 384 193 96 204 389 176 87 1
seq0_0902_0 1299583561.78 196 381 197 98 201 387 181 90 1
seq0_0903_0 1299583561.80 195 379 201 100 198 385 186 93 1
seq0_0904_0 1299583561.83 195 379 201 100 199 384 184 92 1
seq0_0905_0 1299583561.87 196 379 202 100 200 384 182 91 1
seq0_0906_0 1299583561.91 197 379 203 101 202 384 181 90 1
seq0_0907_0 1299583561.94 196 376 202 101 202 383 181 90 1
seq0_0908_0 1299583562.05 196 373 202 101 202 382 181 90 1
seq0_0909_0 1299583562.07 196 371 202 101 202 381 181 90 1
seq0_0910_0 1299583562.10 196 372 201 100 200 378 183 91 1
seq0_0911_0 1299583562.14 196 373 200 100 198 375 185 92 1
seq0_0912_0 1299583562.18 197 374 200 100 196 372 187 93 1
seq0_0913_0 1299583562.21 196 372 201 100 196 368 187 93 1
seq0_0914_0 1299583562.24 196 371 202 100 197 364 187 93 1
seq0_0915_0 1299583562.35 196 370 203 101 198 360 188 94 1
seq0_0916_0 1299583562.37 195 367 203 101 198 360 187 93 1
seq0_0917_0 1299583562.40 194 364 203 101 198 360 186 93 1
seq0_0918_0 1299583562.44 194 362 203 101 198 360 186 93 1
seq0_0919_0 1299583562.55 192 362 203 101 196 356 188 94 1
seq0_0920_0 1299583562.57 190 362 203 101 195 352 190 95 1
seq0_0921_0 1299583562.60 189 363 203 101 194 349 193 96 1
seq0_0922_0 1299583562.64 189 359 204 101 193 343 193 96 1
seq0_0923_0 1299583562.75 189 355 205 102 193 337 193 96 1
seq0_0924_0 1299583562.77 190 351 207 103 193 332 194 97 1
seq0_0925_0 1299583562.80 188 348 208 103 193 330 195 97 1
seq0_0926_0 1299583562.84 187 346 209 104 194 328 196 98 1
seq0_0927_0 1299583562.88 186 344 211 105 195 327 198 99 1
seq0_0928_0 1299583562.91 186 342 210 104 194 327 196 98 1
seq0_0929_0 1299583562.95 187 340 209 104 194 327 195 97 1
seq0_0930_0 1299583562.98 188 338 208 104 194 327 194 97 1
seq0_0931_0 1299583563.01 187 337 208 104 193 324 195 97 1
seq0_0932_0 1299583563.12 186 336 208 104 192 322 196 97 1
seq0_0933_0 1299583563.13 186 335 209 104 191 320 197 98 1
seq0_0934_0 1299583563.17 185 331 210 105 191 318 195 97 1
seq0_0935_0 1299583563.21 184 327 212 106 191 317 193 96 1
seq0_0936_0 1299583563.25 184 324 214 107 191 316 191 95 1
seq0_0937_0 1299583563.28 184 320 213 106 189 311 194 96 1
seq0_0938_0 1299583563.32 184 316 212 106 188 307 197 98 1
seq0_0939_0 1299583563.42 184 313 212 106 187 303 200 100 1
seq0_0940_0 1299583563.44 184 310 213 106 186 298 202 101 1
seq0_0941_0 1299583563.47 184 308 215 107 185 294 204 102 1
seq0_0942_0 1299583563.59 184 306 217 108 184 290 206 103 1
seq0_0943_0 1299583563.60 182 306 218 108 185 288 202 101 1
seq0_0944_0 1299583563.63 180 306 219 109 186 287 199 99 1
seq0_0945_0 1299583563.67 178 307 220 110 188 286 196 98 1
seq0_0946_0 1299583563.71 179 301 218 109 188 282 195 97 1
seq0_0947_0 1299583563.82 180 295 217 108 188 279 195 97 1
seq0_0948_0 1299583563.83 181 290 216 108 189 276 195 97 1
seq0_0949_0 1299583563.87 178 287 219 109 187 273 196 98 1
seq0_0950_0 1299583563.91 176 284 222 111 186 270 198 99 1
seq0_0951_0 1299583563.95 174 281 226 113 185 268 200 100 1
seq0_0952_0 1299583563.98 176 274 223 111 186 266 197 98 1
seq0_0953_0 1299583564.01 178 267 220 110 188 264 194 97 1
seq0_0954_0 1299583564.05 180 261 218 109 190 262 192 96 1
seq0_0955_0 1299583564.08 179 258 218 109 188 257 194 97 1
seq0_0956_0 1299583564.19 179 256 219 109 186 252 197 98 1
seq0_0957_0 1299583564.20 179 254 220 110 184 248 200 100 1
seq0_0958_0 1299583564.23 180 250 216 108 183 245 199 99 1
seq0_0959_0 1299583564.28 182 247 213 106 183 242 199 99 1
seq0_0960_0 1299583564.39 184 244 210 105 183 240 199 99 1
seq0_0961_0 1299583564.40 184 245 210 105 184 239 198 98 1
seq0_0962_0 1299583564.43 184 247 210 105 185 239 197 98 1
seq0_0963_0 1299583564.48 185 249 210 105 187 239 197 98 1
seq0_0964_0 1299583564.58 179 246 216 108 184 235 198 99 1
seq0_0965_0 1299583564.60 174 242 223 111 182 231 200 100 1
seq0_0966_0 1299583564.64 169 240 230 115 180 227 202 101 1
seq0_0967_0 1299583564.68 170 238 228 114 182 227 199 99 1
seq0_0968_0 1299583564.71 172 236 226 113 184 226 196 97 1
seq0_0969_0 1299583564.75 174 235 224 112 187 227 193 96 1
seq0_0970_0 1299583564.86 174 228 222 111 187 223 193 96 1
seq0_0971_0 1299583564.87 174 220 221 110 187 219 194 96 1
seq0_0972_0 1299583564.90 174 214 220 110 187 216 195 97 1
seq0_0973_0 1299583564.95 174 212 220 110 188 213 194 96 1
seq0_0974_0 1299583564.98 175 210 220 110 190 212 193 96 1
seq0_0984_0 1299583565.45 170 151 224 112 178 187 209 104 2
seq0_0985_0 1299583565.47 169 148 226 113 178 185 206 103 2
seq0_0986_0 1299583565.50 168 145 229 114 179 184 204 102 2
seq0_0987_0 1299583565.55 168 143 232 116 180 183 202 101 2
seq0_0988_0 1299583565.65 169 143 228 114 181 179 198 99 2
seq0_0989_0 1299583565.67 171 144 224 112 183 175 195 97 2
seq0_0990_0 1299583565.70 173 145 220 110 185 171 192 96 1
seq0_0991_0 1299583565.74 171 144 219 109 184 167 191 95 1
seq0_0992_0 1299583565.78 170 144 218 109 184 163 190 94 1
seq0_0993_0 1299583565.89 169 144 218 109 184 159 189 94 1
seq0_0994_0 1299583565.90 170 144 214 107 184 158 189 94 1
seq0_0995_0 1299583565.94 172 144 211 105 184 158 189 94 1
seq0_0996_0 1299583565.98 174 144 208 104 185 158 190 95 1
seq0_0997_0 1299583566.09 170 141 208 104 185 156 184 92 1
seq0_0998_0 1299583566.10 167 138 208 104 185 154 178 89 1
seq0_0999_0 1299583566.14 164 135 209 104 186 152 172 86 1
seq0_1000_0 1299583566.18 166 134 206 102 184 151 178 89 1
seq0_1001_0 1299583566.22 168 133 203 101 183 150 184 92 1
seq0_1002_0 1299583566.25 170 132 201 100 182 150 191 95 2
seq0_1003_0 1299583566.36 171 127 203 101 182 146 189 94 2
seq0_1004_0 1299583566.37 172 123 205 102 182 143 188 93 2
seq0_1005_0 1299583566.40 174 119 207 103 182 140 187 93 2
seq0_1006_0 1299583566.52 172 119 210 104 182 138 187 93 2
seq0_1007_0 1299583566.54 171 119 213 106 182 136 188 93 2
seq0_1008_0 1299583566.57 170 119 217 108 182 135 189 94 1
seq0_1009_0 1299583566.61 171 117 214 106 185 131 186 93 1
seq0_1010_0 1299583566.72 173 116 211 105 189 127 184 92 1
seq0_1011_0 1299583566.74 175 115 209 104 193 124 182 91 1
seq0_1012_0 1299583566.77 176 113 209 104 188 122 186 93 1
seq0_1013_0 1299583566.81 177 111 209 104 184 121 190 95 1
seq0_1014_0 1299583566.85 179 110 209 104 180 120 195 97 1
seq0_1015_0 1299583566.88 177 105 212 105 180 115 197 98 1
seq0_1016_0 1299583566.92 176 101 215 107 181 111 199 99 1
seq0_1017_0 1299583567.02 175 97 218 109 182 107 202 101 1
seq0_1018_0 1299583567.04 176 95 215 107 183 107 201 100 1
seq0_1019_0 1299583567.07 177 94 212 106 184 107 200 100 1
seq0_1020_0 1299583567.12 178 93 210 105 185 108 200 100 1
seq0_1021_0 1299583567.15 178 87 210 105 185 106 199 99 1
seq0_1022_0 1299583567.19 178 82 210 105 185 105 198 99 1
seq0_1023_0 1299583567.22 178 77 211 105 185 104 198 99 1
seq0_1024_0 1299583567.33 175 75 212 105 184 101 196 98 1
seq0_1025_0 1299583567.34 172 74 213 106 184 98 194 97 1
seq0_1026_0 1299583567.37 170 73 215 107 184 96 192 96 1
seq0_1027_0 1299583567.49 171 71 212 105 185 95 190 95 1
seq0_1028_0 1299583567.51 172 69 209 104 186 94 188 94 1
seq0_1029_0 1299583567.54 174 68 207 103 188 94 186 93 1
seq0_1030_0 1299583567.58 178 66 203 101 188 92 186 93 1
seq0_1031_0 1299583567.62 182 63 200 99 189 90 186 93 1
seq0_1032_0 1299583567.73 186 62 197 98 190 88 187 93 1
seq0_1033_0 1299583567.74 186 59 198 98 190 86 186 92 1
seq0_1034_0 1299583567.77 186 57 199 99 190 85 185 92 1
seq0_1035_0 1299583567.82 186 55 201 100 191 84 185 92 1
seq0_1036_0 1299583567.85 187 51 197 98 192 79 184 91 1
seq0_1037_0 1299583567.89 189 46 193 96 193 75 183 91 1
seq0_1038_0 1299583567.99 191 43 190 95 195 71 182 91 1
seq0_1039_0 1299583568.01 189 41 193 96 194 69 180 90 1
seq0_1040_0 1299583568.04 187 41 196 98 194 67 179 89 1
seq0_1041_0 1299583568.08 186 40 200 100 194 65 178 89 1
seq0_1042_0 1299583568.19 186 36 198 99 195 61 178 89 1
seq0_1043_0 1299583568.21 186 32 196 98 196 57 178 89 1
seq0_1044_0 1299583568.24 187 29 194 97 197 53 179 89 1
seq0_1045_0 1299583568.28 188 26 191 95 197 52 177 88 1
seq0_1046_0 1299583568.32 190 24 188 94 198 52 175 87 1
seq0_1047_0 1299583568.35 192 22 186 93 199 52 174 87 1
seq0_1048_0 1299583568.39 193 21 182 91 198 51 175 87 1
seq0_1049_0 1299583568.42 195 20 178 89 197 52 176 88 1
seq0_1050_0 1299583568.45 197 19 174 87 197 52 178 89 1
seq0_1051_0 1299583568.49 196 16 174 87 197 47 177 88 1
seq0_1052_0 1299583568.54 195 13 175 87 197 44 176 88 1
seq0_1053_0 1299583568.62 195 11 176 88 198 40 176 88 1
seq0_1054_0 1299583568.73 191 10 177 88 199 38 172 86 1
seq0_1055_0 1299583568.74 188 9 178 88 200 36 168 84 1
seq0_1056_0 1299583568.77 185 8 179 89 201 35 164 82 1
seq0_1057_0 1299583568.82 188 7 177 88 201 35 164 82 1
seq0_1058_0 1299583568.85 192 6 175 87 201 35 164 82 1
seq0_1059_0 1299583568.89 196 5 174 87 201 35 164 82 1
seq0_1060_0 1299583568.96 198 5 172 86 202 36 163 81 1
seq0_1061_0 1299583569.01 200 6 170 85 203 37 162 80 1
seq0_1062_0 1299583569.05 203 7 168 84 204 39 161 80 1
seq0_1063_0 1299583569.09 202 5 169 84 206 35 159 79 1
seq0_1064_0 1299583569.12 202 3 170 85 208 31 157 78 1
seq0_1065_0 1299583569.22 202 2 172 86 210 28 155 77 1
seq0_1066_0 1299583569.24 202 1 171 85 207 26 157 78 1
seq0_1067_0 1299583569.27 202 0 170 84 204 25 159 79 1
seq0_1068_0 1299583569.32 202 0 169 84 202 24 162 81 1
seq0_1069_0 1299583569.35 203 0 170 84 205 22 159 79 1
seq0_1070_0 1299583569.39 204 1 171 85 209 20 156 78 1
seq0_1071_0 1299583569.42 206 2 173 86 213 19 154 77 1
seq0_1072_0 1299583569.53 207 2 168 84 213 13 152 76 1
seq0_1073_0 1299583569.54 208 2 164 82 214 8 150 75 1
seq0_1074_0 1299583569.57 210 2 160 80 215 3 148 74 2
seq0_1075_0 1299583569.62 211 1 158 79 212 1 150 75 2
seq0_1076_0 1299583569.73 212 1 157 78 210 -1 153 76 2
seq0_1077_0 1299583569.74 214 1 156 78 208 -3 156 78 2
