# exported and interpolated by Luciano Spinello [24]
seq0_0285_2 1299583530.05 280 19 185 92 325 57 116 58 2
seq0_0286_2 1299583530.09 282 20 179 89 319 61 120 60 2
seq0_0287_2 1299583530.18 284 21 173 86 313 65 124 62 2
seq0_0288_2 1299583530.22 286 23 168 84 308 70 129 64 2
seq0_0289_2 1299583530.25 278 23 173 86 309 70 123 61 2
seq0_0290_2 1299583530.28 271 23 178 88 310 70 117 58 2
seq0_0291_2 1299583530.38 264 24 183 91 312 71 112 56 2
seq0_0292_2 1299583530.42 275 28 172 85 303 72 122 61 2
seq0_0293_2 1299583530.45 286 32 161 80 294 73 132 66 2
seq0_0294_2 1299583530.49 298 37 150 75 285 75 143 71 2
seq0_0295_2 1299583530.52 283 36 162 81 282 76 144 72 2
seq0_0296_2 1299583530.62 268 36 174 87 280 77 146 73 2
seq0_0324_2 1299583532.02 239 112 165 82 227 137 163 81 2
seq0_0325_2 1299583532.12 237 113 161 80 225 142 160 80 2
seq0_0326_2 1299583532.15 236 115 158 78 224 147 158 79 2
seq0_0327_2 1299583532.19 235 117 155 77 223 152 156 78 2
seq0_0328_2 1299583532.29 232 121 159 79 222 156 155 77 2
seq0_0329_2 1299583532.32 229 125 163 81 222 160 155 77 2
seq0_0330_2 1299583532.35 227 129 168 84 222 164 155 77 2
seq0_0331_2 1299583532.38 228 132 167 83 224 167 152 75 2
seq0_0332_2 1299583532.42 229 135 167 83 227 171 149 74 2
seq0_0333_2 1299583532.52 231 139 167 83 230 175 146 73 2
seq0_0334_2 1299583532.55 231 140 164 81 227 180 148 74 2
seq0_0335_2 1299583532.59 231 142 161 80 224 185 150 75 2
seq0_0354_2 1299583533.55 219 233 175 87 229 252 146 73 2
seq0_0355_2 1299583533.65 221 236 173 86 228 253 148 74 2
seq0_0356_2 1299583533.69 224 238 172 85 227 254 150 75 2
seq0_0357_2 1299583533.79 227 242 171 85 226 256 152 76 2
seq0_0358_2 1299583533.89 226 246 171 85 227 263 149 74 2
seq0_0359_2 1299583533.92 225 249 171 85 228 270 147 73 2
seq0_0360_2 1299583533.95 224 254 172 86 230 278 145 72 2
seq0_0361_2 1299583533.99 226 257 170 85 227 280 147 73 2
seq0_0362_2 1299583534.02 228 260 168 84 225 282 149 74 2
seq0_0363_2 1299583534.05 230 264 167 83 223 284 152 76 2
seq0_0364_2 1299583534.09 230 266 167 83 223 288 151 75 2
seq0_0365_2 1299583534.19 230 268 168 83 223 292 150 75 2
seq0_0366_2 1299583534.22 230 271 169 84 224 297 150 75 2
seq0_0367_2 1299583534.25 230 275 164 81 224 300 149 74 2
seq0_0368_2 1299583534.29 231 279 159 79 224 303 148 73 2
seq0_0369_2 1299583534.32 232 284 154 77 224 307 147 73 2
seq0_0370_2 1299583534.42 233 290 159 79 225 312 145 72 2
seq0_0371_2 1299583534.45 234 296 164 81 227 318 144 71 2
seq0_0372_2 1299583534.49 235 302 169 84 229 324 143 71 2
seq0_0373_2 1299583534.59 232 306 169 84 227 326 144 71 2
seq0_0374_2 1299583534.62 230 311 169 84 226 328 145 72 2
seq0_0375_2 1299583534.65 228 316 170 85 225 331 146 73 2
seq0_0376_2 1299583534.69 227 320 168 84 225 335 148 74 2
seq0_0377_2 1299583534.79 226 324 166 83 225 339 151 75 2
seq0_0378_2 1299583534.82 225 328 164 82 226 343 154 77 2
seq0_0379_2 1299583534.86 226 333 162 81 225 341 153 76 2
seq0_0380_2 1299583534.89 228 338 160 80 224 339 152 75 2
seq0_0381_2 1299583534.92 230 343 159 79 223 338 151 75 2
seq0_0382_2 1299583534.96 227 345 166 83 223 344 150 74 2
seq0_0383_2 1299583535.05 225 348 174 87 223 350 149 74 2
seq0_0384_2 1299583535.09 223 351 182 91 223 356 148 74 2
seq0_0385_2 1299583535.12 225 355 173 86 222 359 148 74 2
seq0_0386_2 1299583535.16 228 360 164 82 221 362 148 74 2
seq0_0387_2 1299583535.19 231 365 156 78 220 366 149 74 2
seq0_0388_2 1299583535.23 231 372 157 78 219 371 149 74 2
seq0_0389_2 1299583535.32 232 379 159 79 219 377 149 74 2
seq0_0390_2 1299583535.36 233 386 161 80 219 383 149 74 2
seq0_0391_2 1299583535.39 232 386 158 78 220 387 148 74 2
seq0_0392_2 1299583535.43 232 386 155 77 221 391 148 74 2
seq0_0393_2 1299583535.52 232 386 152 76 222 395 148 74 2
seq0_0394_2 1299583535.56 231 390 152 76 222 397 146 73 2
seq0_0395_2 1299583535.59 230 394 152 76 222 399 145 72 2
seq0_0396_2 1299583535.62 230 399 152 76 223 402 144 72 2
