# exported and interpolated by Luciano Spinello [17]
seq0_0228_2 1299583527.01 363 -8 110 55 331 20 117 58 2
seq0_0229_2 1299583527.05 367 -8 102 51 325 23 123 61 2
seq0_0230_2 1299583527.15 371 -9 94 47 319 27 129 64 2
seq0_0243_2 1299583527.85 276 8 182 91 285 55 145 72 2
seq0_0244_2 1299583527.88 276 15 180 90 280 59 146 73 2
seq0_0245_2 1299583527.98 276 23 178 89 276 63 148 74 2
seq0_0246_2 1299583528.01 276 31 177 88 272 68 150 75 2
seq0_0247_2 1299583528.05 269 30 181 90 270 70 149 74 2
seq0_0248_2 1299583528.08 263 29 186 92 269 73 149 74 2
seq0_0249_2 1299583528.18 257 29 191 95 268 76 149 74 2
seq0_0250_2 1299583528.21 255 31 187 93 258 75 158 78 2
seq0_0251_2 1299583528.25 253 33 184 91 249 74 167 83 2
seq0_0252_2 1299583528.28 252 36 181 90 240 73 176 88 2
seq0_0253_2 1299583528.38 248 37 180 89 240 76 171 85 2
seq0_0254_2 1299583528.42 244 40 179 89 240 79 167 83 2
seq0_0255_2 1299583528.45 240 42 178 89 240 82 163 81 1
seq0_0256_2 1299583528.55 238 47 182 91 238 84 164 81 1
seq0_0257_2 1299583528.58 237 52 186 93 236 87 165 82 1
seq0_0258_2 1299583528.62 236 58 190 95 235 90 166 83 2
seq0_0259_2 1299583528.65 232 59 195 97 232 90 169 84 2
seq0_0260_2 1299583528.75 228 61 201 100 229 91 173 86 2
seq0_0261_2 1299583528.78 225 63 207 103 227 92 177 88 1
seq0_0262_2 1299583528.82 223 67 204 101 223 96 177 88 1
seq0_0263_2 1299583528.91 221 71 201 100 219 100 177 88 1
seq0_0264_2 1299583528.95 220 76 199 99 216 105 177 88 2
seq0_0265_2 1299583528.98 221 80 193 96 217 107 175 87 2
seq0_0266_2 1299583529.08 222 84 187 93 218 110 173 86 2
seq0_0276_2 1299583529.55 207 109 207 103 206 120 189 94 2
seq0_0277_2 1299583529.58 207 108 207 103 207 120 187 93 2
seq0_0278_2 1299583529.68 207 107 207 103 208 121 185 92 2
seq0_0279_2 1299583529.72 208 107 207 103 210 122 184 92 1
seq0_0280_2 1299583529.81 208 107 204 102 210 123 183 91 1
seq0_0281_2 1299583529.85 208 107 202 101 210 124 183 91 1
seq0_0282_2 1299583529.89 209 108 200 100 211 125 183 91 1
seq0_0283_2 1299583529.98 206 106 205 102 209 125 185 92 1
seq0_0284_2 1299583530.01 203 104 210 104 208 125 187 93 1
seq0_0285_2 1299583530.05 201 103 215 107 207 125 189 94 1
seq0_0286_2 1299583530.09 201 107 213 106 205 123 190 95 1
seq0_0287_2 1299583530.18 202 111 211 105 203 121 192 96 1
seq0_0288_2 1299583530.22 203 115 209 104 201 120 194 97 1
seq0_0289_2 1299583530.25 200 111 212 105 200 121 195 97 1
seq0_0290_2 1299583530.28 198 107 215 107 199 123 196 97 1
seq0_0291_2 1299583530.38 196 104 218 109 199 125 197 98 1
seq0_0292_2 1299583530.42 195 103 219 109 199 123 197 98 1
seq0_0293_2 1299583530.45 195 102 220 109 200 121 197 98 1
seq0_0294_2 1299583530.49 195 101 221 110 201 120 197 98 1
seq0_0295_2 1299583530.52 191 101 231 115 201 120 197 98 1
seq0_0296_2 1299583530.62 188 101 241 120 202 120 198 98 1
seq0_0297_2 1299583530.65 185 101 251 125 203 120 199 99 1
seq0_0298_2 1299583530.68 186 99 246 122 199 117 203 101 1
seq0_0299_2 1299583530.78 188 97 241 120 195 114 207 103 1
seq0_0300_2 1299583530.88 190 95 237 118 191 112 212 106 1
seq0_0301_2 1299583530.92 188 94 239 119 190 110 212 106 1
seq0_0302_2 1299583530.95 186 93 242 120 189 109 213 106 1
seq0_0303_2 1299583530.98 184 93 245 122 189 108 214 107 2
seq0_0304_2 1299583531.02 183 89 248 123 190 106 212 106 2
seq0_0305_2 1299583531.05 182 86 251 125 192 105 211 105 2
seq0_0321_2 1299583531.92 156 56 292 146 172 63 241 120 2
seq0_0322_2 1299583531.95 161 51 281 140 172 60 240 119 2
seq0_0323_2 1299583531.98 167 46 271 135 173 58 239 119 2
seq0_0324_2 1299583532.02 173 42 261 130 174 56 239 119 2
seq0_0325_2 1299583532.12 167 39 263 131 169 52 242 120 2
seq0_0326_2 1299583532.15 162 36 266 132 164 50 245 122 2
seq0_0327_2 1299583532.19 157 34 269 134 160 47 249 124 2
seq0_0328_2 1299583532.29 157 29 273 136 158 44 252 125 2
seq0_0329_2 1299583532.32 157 25 277 138 156 42 255 127 2
seq0_0330_2 1299583532.35 157 21 281 140 154 40 259 129 2
seq0_0331_2 1299583532.38 155 19 282 140 155 40 258 129 2
seq0_0332_2 1299583532.42 154 17 283 141 157 40 258 129 2
seq0_0333_2 1299583532.52 153 16 285 142 159 40 258 129 2
seq0_0334_2 1299583532.55 152 13 290 145 159 37 260 130 2
seq0_0335_2 1299583532.59 151 10 296 148 159 34 262 131 2
seq0_0336_2 1299583532.62 151 7 302 151 160 31 264 132 2
seq0_0337_2 1299583532.72 140 1 311 155 151 26 273 136 2
seq0_0338_2 1299583532.75 131 -4 321 160 144 22 283 141 2
seq0_0339_2 1299583532.79 121 -10 331 165 136 18 293 146 1
seq0_0340_2 1299583532.82 123 -12 328 164 133 12 296 147 1
seq0_0341_2 1299583532.92 125 -14 326 163 131 7 299 149 1
seq0_0342_2 1299583532.95 128 -16 324 162 129 2 302 151 2
seq0_0343_2 1299583532.99 130 -15 321 160 128 -2 306 153 2
seq0_0344_2 1299583533.02 132 -14 318 158 126 -6 310 155 2
seq0_0345_2 1299583533.12 134 -13 315 157 126 -11 315 157 2
seq0_0346_2 1299583533.15 130 -12 330 165 128 -16 314 156 2
seq0_0347_2 1299583533.19 127 -12 346 173 129 -22 313 156 2
seq0_0348_2 1299583533.22 124 -12 362 181 132 -28 313 156 2
seq0_0349_2 1299583533.32 117 -17 359 179 124 -35 323 161 2
seq0_0350_2 1299583533.35 110 -22 356 177 116 -42 333 166 2
seq0_0351_2 1299583533.39 103 -28 353 176 109 -49 343 171 2
seq0_0352_2 1299583533.42 102 -34 357 178 102 -57 351 175 2
seq0_0353_2 1299583533.52 102 -39 362 180 94 -66 359 179 2
seq0_0354_2 1299583533.55 102 -46 367 183 88 -75 368 184 2
seq0_0355_2 1299583533.65 102 -40 364 181 87 -80 371 185 2
seq0_0356_2 1299583533.69 103 -34 361 180 86 -85 375 187 2
seq0_0360_1 1299583533.86 72 428 402 201 78 379 373 186 2
seq0_0361_1 1299583533.91 69 410 404 202 77 375 371 185 2
seq0_0362_1 1299583533.94 66 392 406 203 77 372 370 184 2
seq0_0363_1 1299583533.98 63 374 408 204 77 369 369 184 2
seq0_0364_1 1299583534.01 59 363 412 206 71 360 373 186 2
seq0_0365_1 1299583534.11 55 353 417 208 67 351 378 188 2
seq0_0366_1 1299583534.13 52 343 422 211 62 342 383 191 2
seq0_0367_1 1299583534.16 52 343 420 210 60 332 385 192 2
seq0_0368_1 1299583534.21 52 343 419 209 58 323 387 193 2
seq0_0369_1 1299583534.25 53 344 418 209 57 314 389 194 2
seq0_0370_1 1299583534.35 53 335 419 209 56 301 391 195 2
seq0_0371_1 1299583534.36 54 326 420 210 55 288 394 196 2
seq0_0372_1 1299583534.39 55 317 422 211 54 275 397 198 2
seq0_0373_1 1299583534.52 44 300 434 217 46 261 404 201 2
seq0_0374_1 1299583534.53 33 283 446 223 39 247 411 205 2
seq0_0375_1 1299583534.56 23 267 459 229 32 233 419 209 2
seq0_0376_1 1299583534.61 27 242 452 225 35 224 414 207 2
seq0_0377_1 1299583534.72 31 217 445 222 38 215 410 205 2
seq0_0378_1 1299583534.73 35 193 439 219 41 206 406 203 2
seq0_0379_1 1299583534.76 32 193 445 222 40 203 407 203 2
seq0_0380_1 1299583534.81 29 193 452 225 40 200 408 204 2
seq0_0381_1 1299583534.85 26 193 459 229 40 197 410 205 2
seq0_0382_1 1299583534.88 25 195 459 229 39 187 413 206 2
seq0_0383_1 1299583534.92 24 197 460 229 38 177 416 208 2
seq0_0384_1 1299583534.95 24 199 461 230 37 167 420 210 2
seq0_0385_1 1299583534.99 22 190 465 232 36 160 422 211 2
seq0_0386_1 1299583535.07 21 181 470 234 36 154 424 212 2
seq0_0387_1 1299583535.11 20 172 475 237 36 148 426 213 2
seq0_0388_1 1299583535.15 22 158 474 236 35 140 427 213 2
seq0_0389_1 1299583535.25 25 145 473 236 34 132 429 214 2
seq0_0390_1 1299583535.26 27 132 472 236 33 124 431 215 2
seq0_0391_1 1299583535.30 29 118 471 235 32 115 433 216 2
seq0_0392_1 1299583535.34 32 105 470 235 31 108 435 217 2
seq0_0393_1 1299583535.45 35 92 470 235 30 100 437 218 2
seq0_0394_1 1299583535.46 34 87 470 235 32 98 435 217 2
seq0_0395_1 1299583535.50 35 84 471 235 34 96 433 216 2
seq0_0396_1 1299583535.55 35 80 472 236 36 95 432 216 2
seq0_0397_1 1299583535.58 33 93 472 236 36 90 431 215 2
seq0_0398_1 1299583535.61 31 107 472 236 36 86 431 215 2
seq0_0399_1 1299583535.65 30 121 472 236 36 82 431 215 2
seq0_0400_1 1299583535.68 33 118 467 233 36 78 430 215 2
seq0_0401_1 1299583535.72 37 114 462 231 36 75 430 215 2
seq0_0402_1 1299583535.81 41 112 458 229 37 72 430 215 1
seq0_0403_1 1299583535.85 40 103 458 229 36 70 431 215 1
seq0_0404_1 1299583535.95 40 95 459 229 35 68 432 216 1
seq0_0405_1 1299583535.96 40 87 460 230 35 67 434 217 1
seq0_0406_1 1299583536.00 35 85 466 233 34 61 434 217 1
seq0_0407_1 1299583536.05 30 83 472 236 33 55 434 217 1
seq0_0408_1 1299583536.08 25 82 478 239 32 49 435 217 1
seq0_0409_1 1299583536.12 17 64 487 243 23 38 444 222 1
seq0_0410_1 1299583536.16 9 47 496 247 15 28 454 227 1
seq0_0411_1 1299583536.32 1 30 505 252 7 18 464 232 1
seq0_0412_1 1299583536.33 1 23 504 252 6 13 466 233 1
seq0_0413_1 1299583536.36 1 16 504 252 5 9 468 234 1
seq0_0414_1 1299583536.41 1 9 504 252 4 5 470 235 1
seq0_0415_1 1299583536.45 1 6 505 252 3 -6 473 236 1
seq0_0416_1 1299583536.55 1 3 507 253 2 -17 476 238 1
seq0_0417_1 1299583536.56 2 1 509 254 1 -29 480 240 1
seq0_0418_1 1299583536.60 2 1 511 255 2 -35 479 239 1
seq0_0419_1 1299583536.65 2 1 513 256 3 -41 478 238 1
seq0_0420_1 1299583536.68 2 2 515 257 4 -48 477 238 1
seq0_0421_1 1299583536.79 1 3 514 256 3 -62 478 238 1
seq0_0422_1 1299583536.80 1 4 513 256 2 -78 479 239 1
seq0_0423_0 1299583536.84 25 419 491 245 24 359 469 234 2
seq0_0424_0 1299583536.96 22 391 488 244 25 346 463 231 2
seq0_0425_0 1299583536.97 21 363 486 243 26 334 457 228 2
seq0_0429_0 1299583537.17 21 329 478 239 25 277 448 224 2
seq0_0430_0 1299583537.29 16 317 481 240 21 263 452 226 2
seq0_0431_0 1299583537.30 11 306 485 242 17 249 456 228 2
seq0_0432_0 1299583537.34 7 295 489 244 14 235 461 230 1
seq0_0433_0 1299583537.38 8 287 487 243 16 228 457 228 1
seq0_0434_0 1299583537.42 9 279 485 242 18 221 454 226 1
seq0_0435_0 1299583537.45 10 272 484 242 21 215 451 225 1
seq0_0436_0 1299583537.55 15 239 474 237 24 202 443 221 1
seq0_0437_0 1299583537.57 20 206 464 232 27 190 435 217 1
seq0_0438_0 1299583537.60 25 173 455 227 30 178 427 213 1
seq0_0439_0 1299583537.72 26 169 452 225 31 165 425 212 1
seq0_0440_0 1299583537.74 27 165 449 224 32 153 424 211 1
seq0_0441_0 1299583537.77 29 161 447 223 34 141 423 211 1
seq0_0442_0 1299583537.89 30 148 446 222 37 122 419 209 1
seq0_0443_0 1299583537.90 31 135 445 222 41 104 415 207 1
seq0_0444_0 1299583538.03 32 122 445 222 45 86 412 206 1
seq0_0445_0 1299583538.04 33 105 440 219 45 78 409 204 1
seq0_0446_0 1299583538.16 34 89 435 217 45 70 406 203 1
seq0_0447_0 1299583538.17 36 73 430 215 45 63 404 202 1
seq0_0448_0 1299583538.21 36 55 427 213 46 52 399 199 1
seq0_0449_0 1299583538.32 36 36 425 212 48 42 394 197 1
seq0_0450_0 1299583538.34 36 19 423 211 50 32 390 195 1
seq0_0451_0 1299583538.37 37 13 421 210 52 19 389 194 1
seq0_0452_0 1299583538.41 38 8 419 209 55 6 389 194 1
seq0_0453_0 1299583538.45 40 3 418 209 58 -6 389 194 1
seq0_0454_0 1299583538.49 42 0 417 208 57 -14 389 194 1
seq0_0455_0 1299583538.52 44 -1 416 207 56 -22 390 194 1
seq0_0456_0 1299583538.55 46 -4 415 207 56 -31 391 195 2
seq0_0457_0 1299583538.59 62 -3 399 199 57 -39 389 194 2
seq0_0458_0 1299583538.63 78 -2 384 191 58 -47 387 193 2
seq0_0459_0 1299583538.72 95 -2 369 184 60 -56 386 193 2
seq0_0460_0 1299583538.82 81 -2 356 177 61 -68 380 190 2
seq0_0461_0 1299583538.84 67 -2 343 171 62 -80 374 187 2
seq0_0462_0 1299583538.87 53 -3 330 165 64 -92 369 184 2
