# exported and interpolated by Luciano Spinello [6]
seq0_0093_0 1299583520.25 125 -2 261 130 142 -36 237 118 2
seq0_0094_0 1299583520.30 128 -6 258 129 142 -28 238 118 2
seq0_0095_0 1299583520.33 132 -10 256 128 143 -19 239 119 2
seq0_0096_0 1299583520.36 136 -14 254 127 144 -12 241 120 2
seq0_0097_0 1299583520.43 134 -8 259 129 139 -4 245 122 2
seq0_0098_0 1299583520.48 131 -3 264 132 135 3 249 124 2
seq0_0099_0 1299583520.49 130 2 270 135 131 11 254 127 1
seq0_0100_0 1299583520.57 123 6 278 139 128 18 258 129 1
seq0_0101_0 1299583520.60 117 11 286 143 127 25 263 131 1
seq0_0102_0 1299583520.63 111 16 295 147 125 32 268 134 1
seq0_0103_0 1299583520.67 110 21 292 146 122 40 268 134 1
seq0_0104_0 1299583520.77 110 26 290 145 119 48 269 134 1
seq0_0105_0 1299583520.79 110 32 288 144 117 57 270 135 1
seq0_0106_0 1299583520.82 109 39 291 145 112 67 277 138 1
seq0_0107_0 1299583520.86 108 46 294 146 107 78 284 141 1
seq0_0108_0 1299583520.97 107 54 297 148 103 89 291 145 1
seq0_0109_0 1299583520.99 104 62 301 150 103 92 293 146 1
seq0_0110_0 1299583521.02 101 71 306 152 103 96 295 147 1
seq0_0111_0 1299583521.06 98 80 311 155 103 100 298 149 1
seq0_0112_0 1299583521.10 98 92 312 155 102 103 300 150 1
seq0_0113_0 1299583521.13 99 103 313 156 101 107 302 151 1
seq0_0114_0 1299583521.16 100 116 315 157 100 111 304 152 1
seq0_0115_0 1299583521.20 98 123 315 157 102 118 300 150 1
seq0_0116_0 1299583521.23 97 130 315 157 104 125 297 148 1
seq0_0117_0 1299583521.28 96 138 316 158 107 133 294 147 1
seq0_0118_0 1299583521.43 89 146 324 162 100 151 301 150 1
seq0_0119_0 1299583521.45 82 154 333 166 93 169 308 153 1
seq0_0120_0 1299583521.49 75 162 342 171 87 187 315 157 2
seq0_0121_0 1299583521.53 75 172 345 172 88 191 317 158 2
seq0_0122_0 1299583521.56 75 182 349 174 89 195 320 159 2
seq0_0123_0 1299583521.60 76 192 353 176 91 200 323 161 2
seq0_0124_0 1299583521.63 66 221 363 181 84 217 330 164 2
seq0_0125_0 1299583521.68 57 250 373 186 77 234 337 168 2
seq0_0126_0 1299583521.84 48 280 384 192 71 252 344 172 2
seq0_0127_0 1299583521.85 44 272 391 195 67 267 349 174 2
seq0_0128_0 1299583521.89 40 265 398 199 63 282 355 177 2
seq0_0144_1 1299583522.73 42 29 403 201 65 22 353 176 2
seq0_0145_1 1299583522.77 50 37 395 197 88 37 330 164 2
seq0_0146_1 1299583522.78 59 46 387 193 112 52 307 153 2
seq0_0165_1 1299583523.77 74 218 344 172 92 241 310 155 2
seq0_0166_1 1299583523.78 83 228 335 167 95 247 305 152 2
seq0_0167_1 1299583523.90 92 239 326 162 98 254 300 149 2
seq0_0168_1 1299583523.92 102 250 317 158 102 261 295 147 2
seq0_0169_1 1299583523.95 101 261 320 159 107 269 291 145 2
seq0_0170_1 1299583524.00 101 272 323 161 112 277 287 143 2
seq0_0171_1 1299583524.03 101 283 327 163 118 286 283 141 1
seq0_0172_1 1299583524.14 106 295 321 160 113 290 287 143 1
seq0_0173_1 1299583524.15 110 308 315 157 109 294 291 145 1
seq0_0174_1 1299583524.18 116 321 310 155 105 299 296 148 1
seq0_0175_1 1299583524.31 116 323 307 153 109 311 291 145 1
seq0_0176_1 1299583524.33 116 326 304 151 113 323 286 142 1
seq0_0177_1 1299583524.35 117 329 301 150 118 335 281 140 1
seq0_0178_1 1299583524.40 116 335 301 150 117 341 283 141 1
seq0_0179_1 1299583524.43 115 341 302 150 116 347 285 142 1
seq0_0180_1 1299583524.54 115 348 303 151 116 353 287 143 1
seq0_0181_1 1299583524.55 116 355 301 150 117 358 284 142 1
seq0_0182_1 1299583524.67 118 363 300 149 119 363 282 141 1
seq0_0183_1 1299583524.68 120 371 299 149 121 369 280 140 1
seq0_0184_1 1299583524.81 118 381 299 149 120 373 279 139 1
seq0_0185_1 1299583524.82 117 391 299 149 120 378 278 139 1
seq0_0186_1 1299583524.85 116 401 299 149 120 383 278 139 2
seq0_0187_1 1299583524.90 115 404 299 149 119 386 277 138 2
seq0_0188_1 1299583524.94 115 407 299 149 117 389 276 138 2
seq0_0189_1 1299583524.97 115 411 299 149 117 392 276 138 2
seq0_0190_1 1299583525.07 116 414 295 147 121 397 272 136 2
seq0_0191_1 1299583525.08 118 417 291 145 125 402 268 134 2
seq0_0192_1 1299583525.12 120 421 287 143 129 408 264 132 2
seq0_0193_1 1299583525.17 122 426 283 141 133 409 259 129 2
seq0_0194_1 1299583525.27 125 432 280 139 137 410 255 127 2
seq0_0195_1 1299583525.28 128 438 277 138 142 412 251 125 2
seq0_0196_1 1299583525.32 128 438 275 137 138 413 255 127 2
seq0_0197_1 1299583525.37 128 438 274 136 134 414 259 129 2
seq0_0198_1 1299583525.40 129 439 273 136 131 416 264 132 2
seq0_0199_1 1299583525.51 126 440 273 136 132 416 260 130 2
seq0_0200_1 1299583525.52 123 442 274 136 133 416 256 128 2
seq0_0201_1 1299583525.55 121 444 275 137 134 416 252 126 2
