# exported and interpolated by Luciano Spinello [42]
seq0_0606_0 1299583546.35 230 24 105 52 229 52 118 59 2
seq0_0607_0 1299583546.39 228 23 112 56 228 51 121 60 2
seq0_0608_0 1299583546.43 226 22 120 60 226 50 124 62 2
seq0_0618_0 1299583546.88 223 49 132 66 230 72 130 65 2
seq0_0619_0 1299583546.91 223 53 134 67 228 77 130 65 2
seq0_0620_0 1299583547.03 223 57 136 68 227 82 130 65 2
seq0_0621_0 1299583547.05 223 61 138 69 226 88 130 65 2
seq0_0622_0 1299583547.08 225 62 137 68 226 93 129 64 2
seq0_0623_0 1299583547.20 227 63 136 67 226 98 128 64 2
seq0_0651_0 1299583548.60 230 156 136 68 233 169 122 61 2
seq0_0652_0 1299583548.70 231 156 136 68 233 169 121 60 2
seq0_0653_0 1299583548.72 232 156 137 68 235 170 121 60 2
seq0_0654_0 1299583548.75 233 157 138 69 236 171 121 60 1
seq0_0655_0 1299583548.86 232 159 136 68 235 171 121 60 1
seq0_0656_0 1299583548.88 232 161 135 67 234 171 121 60 1
seq0_0657_0 1299583548.92 232 163 134 67 234 171 121 60 1
seq0_0658_0 1299583548.96 232 161 135 67 234 172 122 60 1
seq0_0659_0 1299583549.00 232 159 136 68 233 173 123 61 1
seq0_0660_0 1299583549.07 233 157 138 69 234 175 125 62 1
seq0_0661_0 1299583549.11 232 162 134 67 234 175 123 61 1
seq0_0662_0 1299583549.18 232 167 130 65 235 175 122 60 1
seq0_0663_0 1299583549.30 232 173 127 63 236 176 121 60 1
seq0_0664_0 1299583549.32 232 170 130 65 236 176 120 59 1
seq0_0665_0 1299583549.35 232 168 134 67 235 176 119 59 1
seq0_0666_0 1299583549.39 233 166 138 69 236 176 119 59 1
seq0_0667_0 1299583549.50 232 166 138 69 236 177 119 59 1
seq0_0668_0 1299583549.52 231 167 139 69 236 178 119 59 1
seq0_0669_0 1299583549.63 231 168 140 70 236 179 119 59 1
seq0_0670_0 1299583549.65 231 166 144 72 236 177 119 59 1
seq0_0671_0 1299583549.77 232 165 149 74 235 176 119 59 1
seq0_0672_0 1299583549.78 233 164 154 77 236 175 120 60 1
seq0_0673_0 1299583549.82 232 163 147 73 235 176 120 60 1
seq0_0674_0 1299583549.94 232 163 140 70 235 177 120 60 1
seq0_0675_0 1299583549.95 232 163 134 67 235 178 120 60 1
seq0_0676_0 1299583550.07 233 165 132 66 235 177 120 60 1
seq0_0677_0 1299583550.08 234 167 130 65 235 176 120 60 1
seq0_0678_0 1299583550.17 235 170 129 64 236 176 120 60 1
seq0_0679_0 1299583550.20 233 167 132 66 235 176 120 60 1
seq0_0680_0 1299583550.30 232 164 136 68 235 176 120 60 1
seq0_0681_0 1299583550.32 231 161 140 70 235 176 120 60 1
seq0_0682_0 1299583550.43 231 161 138 69 234 176 121 60 1
seq0_0683_0 1299583550.45 231 162 137 68 233 176 122 60 1
seq0_0684_0 1299583550.48 232 163 136 68 233 177 123 61 1
seq0_0685_0 1299583550.61 231 163 138 69 233 177 122 60 1
seq0_0686_0 1299583550.62 230 163 140 70 232 177 121 60 1
seq0_0687_0 1299583550.73 230 164 142 71 233 177 121 60 1
seq0_0688_0 1299583550.75 231 164 138 69 234 177 120 59 1
seq0_0689_0 1299583550.79 233 165 134 67 235 177 119 59 1
seq0_0690_0 1299583550.83 235 166 130 65 237 178 119 59 1
seq0_0691_0 1299583550.86 233 165 132 66 236 179 119 59 1
seq0_0692_0 1299583550.97 231 164 134 67 235 180 120 59 1
seq0_0693_0 1299583550.99 230 164 137 68 235 181 121 60 1
seq0_0694_0 1299583551.02 229 164 138 68 234 180 121 60 1
seq0_0695_0 1299583551.06 228 164 139 69 234 180 121 60 1
seq0_0696_0 1299583551.19 228 165 140 70 234 180 122 61 1
seq0_0697_0 1299583551.22 228 165 139 69 234 180 120 60 1
seq0_0698_0 1299583551.25 228 165 139 69 236 180 119 59 1
seq0_0699_0 1299583551.33 229 166 139 69 237 180 118 59 1
seq0_0700_0 1299583551.36 229 167 138 68 235 179 120 60 1
seq0_0701_0 1299583551.47 230 168 137 68 233 179 122 61 1
seq0_0702_0 1299583551.58 231 170 136 68 232 179 125 62 1
seq0_0703_0 1299583551.59 231 169 136 68 232 179 124 62 1
seq0_0704_0 1299583551.62 231 168 136 68 233 179 124 62 1
seq0_0705_0 1299583551.70 231 167 137 68 234 179 124 62 1
seq0_0706_0 1299583551.75 229 162 139 69 234 177 123 61 1
seq0_0707_0 1299583551.80 228 157 142 70 233 176 122 61 1
seq0_0708_0 1299583551.82 227 153 145 72 234 175 122 61 1
seq0_0709_0 1299583551.86 227 154 142 70 234 174 121 60 1
seq0_0710_0 1299583551.90 227 155 139 69 235 173 120 60 1
seq0_0711_0 1299583551.93 228 156 137 68 236 173 120 60 1
seq0_0712_0 1299583552.10 226 153 141 70 235 168 120 60 1
seq0_0713_0 1299583552.12 225 150 146 72 235 164 120 60 1
seq0_0714_0 1299583552.15 224 148 151 75 235 160 120 60 1
seq0_0715_0 1299583552.27 225 142 148 73 234 156 121 60 1
seq0_0716_0 1299583552.29 226 137 145 72 233 153 122 60 1
seq0_0717_0 1299583552.41 228 132 142 71 232 150 123 61 1
seq0_0718_0 1299583552.42 227 125 142 71 231 144 123 61 1
seq0_0719_0 1299583552.54 226 118 142 71 231 138 123 61 1
seq0_0720_0 1299583552.55 225 112 143 71 231 133 123 61 1
seq0_0721_0 1299583552.67 227 109 144 72 231 131 122 60 1
seq0_0722_0 1299583552.69 229 106 146 73 232 129 121 60 1
seq0_0723_0 1299583552.72 231 104 148 74 233 127 121 60 1
seq0_0724_0 1299583552.76 231 99 145 72 234 122 120 59 1
seq0_0725_0 1299583552.87 231 94 143 71 235 118 119 59 1
seq0_0726_0 1299583552.89 231 89 141 70 237 114 118 59 1
seq0_0727_0 1299583553.00 230 80 141 70 235 108 118 59 1
seq0_0728_0 1299583553.02 230 72 141 70 235 104 119 59 1
seq0_0729_0 1299583553.05 230 64 141 70 234 99 120 60 1
seq0_0730_0 1299583553.17 228 59 139 69 232 91 120 60 1
seq0_0731_0 1299583553.27 226 54 137 68 232 83 121 60 1
seq0_0732_0 1299583553.29 225 50 136 68 231 76 122 61 1
seq0_0733_0 1299583553.32 226 47 139 69 230 72 123 61 1
seq0_0734_0 1299583553.36 227 46 142 71 229 69 124 62 1
seq0_0735_0 1299583553.40 228 44 146 73 229 66 126 63 1
seq0_0736_0 1299583553.51 229 33 138 69 229 58 124 62 1
seq0_0737_0 1299583553.52 231 22 130 65 230 50 122 61 1
seq0_0738_0 1299583553.64 233 11 122 61 231 42 120 60 1
