# exported and interpolated by Luciano Spinello [21]
seq0_0249_1 1299583528.11 398 271 151 75 381 283 131 65 2
seq0_0250_1 1299583528.12 400 270 145 72 379 284 132 65 2
seq0_0251_1 1299583528.15 403 270 139 69 377 286 133 66 2
seq0_0252_1 1299583528.20 406 270 133 66 375 288 134 67 2
seq0_0253_1 1299583528.31 406 274 132 65 373 292 129 64 2
seq0_0254_1 1299583528.32 407 278 131 65 372 296 124 62 2
seq0_0255_1 1299583528.35 408 282 130 65 371 300 120 60 2
seq0_0256_1 1299583528.48 391 284 139 69 368 299 123 61 2
seq0_0257_1 1299583528.49 375 286 149 74 366 299 126 62 2
seq0_0258_1 1299583528.52 359 288 159 79 364 299 129 64 2
seq0_0259_1 1299583528.57 363 290 149 74 360 303 130 64 2
seq0_0260_1 1299583528.68 367 292 139 69 357 307 131 65 2
seq0_0261_1 1299583528.69 371 294 129 64 354 311 132 66 2
seq0_0262_1 1299583528.72 363 296 134 66 352 313 128 64 2
seq0_0263_1 1299583528.84 355 298 139 69 351 315 125 62 2
seq0_0264_1 1299583528.85 348 300 144 72 350 318 122 61 2
seq0_0265_1 1299583528.89 352 304 140 70 340 319 133 66 2
seq0_0266_1 1299583529.01 356 309 137 68 330 320 144 71 2
seq0_0267_1 1299583529.02 360 314 134 67 321 322 155 77 2
seq0_0268_1 1299583529.05 357 316 133 66 324 327 148 73 2
seq0_0269_1 1299583529.18 354 319 133 66 327 332 141 70 2
seq0_0270_1 1299583529.19 352 322 133 66 330 338 135 67 2
seq0_0271_1 1299583529.22 351 324 132 65 327 339 137 68 2
seq0_0272_1 1299583529.27 351 327 131 65 325 340 139 69 2
seq0_0273_1 1299583529.31 351 330 130 65 323 341 141 70 2
seq0_0274_1 1299583529.34 349 335 128 64 315 345 146 72 2
seq0_0275_1 1299583529.45 347 341 127 63 307 349 151 75 2
seq0_0276_1 1299583529.46 346 347 126 63 299 354 157 78 2
seq0_0277_1 1299583529.49 342 351 129 64 300 360 155 77 2
seq0_0278_1 1299583529.61 338 355 132 65 302 366 153 76 2
seq0_0279_1 1299583529.62 335 360 135 67 304 372 152 76 2
seq0_0280_1 1299583529.74 316 365 151 75 290 377 160 80 2
seq0_0281_1 1299583529.76 298 370 168 83 277 383 168 84 2
seq0_0282_1 1299583529.79 280 376 185 92 264 389 177 88 2
seq0_0283_1 1299583529.84 281 379 181 90 269 387 169 84 2
seq0_0284_1 1299583529.88 282 382 177 88 274 385 161 80 2
seq0_0285_1 1299583529.92 283 385 174 87 279 383 154 77 2
seq0_0286_1 1299583530.01 262 390 189 94 257 395 170 85 2
seq0_0287_1 1299583530.11 241 395 204 102 236 407 186 93 2
seq0_0300_2 1299583530.88 167 -16 243 121 168 14 224 112 2
seq0_0301_2 1299583530.92 160 -10 252 125 166 23 226 113 2
seq0_0302_2 1299583530.95 153 -4 261 130 165 32 228 114 2
seq0_0303_2 1299583530.98 147 2 270 135 164 42 231 115 2
seq0_0304_2 1299583531.02 154 5 260 130 164 49 229 114 2
seq0_0305_2 1299583531.05 161 9 250 125 164 56 227 113 2
seq0_0306_2 1299583531.15 168 13 241 120 165 64 226 113 1
seq0_0307_2 1299583531.18 160 24 258 128 163 69 229 114 1
seq0_0308_2 1299583531.28 152 35 275 137 161 75 232 115 1
seq0_0309_2 1299583531.32 145 46 292 146 160 81 235 117 2
seq0_0310_2 1299583531.35 146 55 284 142 162 83 234 116 2
seq0_0311_2 1299583531.39 148 64 276 138 165 85 233 116 2
seq0_0312_2 1299583531.49 150 74 268 134 168 87 232 116 2
seq0_0313_2 1299583531.52 151 83 260 130 171 89 231 115 2
seq0_0314_2 1299583531.55 153 92 252 126 174 91 230 115 2
seq0_0315_2 1299583531.65 155 102 244 122 177 93 230 115 2
seq0_0316_2 1299583531.68 160 101 243 121 172 106 226 113 2
seq0_0317_2 1299583531.72 165 100 242 121 168 119 222 111 2
seq0_0318_2 1299583531.75 170 99 242 121 164 132 218 109 1
seq0_0319_2 1299583531.79 168 103 242 121 161 135 219 109 1
seq0_0320_2 1299583531.82 167 108 243 121 158 138 221 110 1
seq0_0321_2 1299583531.92 166 113 244 122 156 141 223 111 2
seq0_0322_2 1299583531.95 169 123 236 118 162 150 216 107 2
seq0_0323_2 1299583531.98 173 134 229 114 168 160 209 104 2
seq0_0324_2 1299583532.02 177 145 222 111 175 170 203 101 2
seq0_0325_2 1299583532.12 180 154 219 109 177 176 201 100 2
seq0_0326_2 1299583532.15 183 163 216 107 180 183 199 99 2
seq0_0342_2 1299583532.95 208 267 180 90 202 287 159 79 2
seq0_0343_2 1299583532.99 208 274 178 89 204 291 158 79 2
seq0_0344_2 1299583533.02 208 282 176 88 206 295 158 79 2
seq0_0345_2 1299583533.12 208 290 174 87 209 299 158 79 2
seq0_0346_2 1299583533.15 208 296 172 86 209 304 158 79 2
seq0_0347_2 1299583533.19 208 302 170 85 209 309 158 79 2
seq0_0348_2 1299583533.22 209 308 169 84 209 315 159 79 2
seq0_0349_2 1299583533.32 210 312 164 81 209 320 155 77 2
seq0_0350_2 1299583533.35 211 317 159 79 209 325 151 75 2
seq0_0351_2 1299583533.39 213 322 154 77 210 331 147 73 2
seq0_0352_2 1299583533.42 215 329 151 75 211 336 149 74 2
seq0_0353_2 1299583533.52 218 336 148 74 212 341 151 75 2
seq0_0354_2 1299583533.55 221 344 146 73 214 347 153 76 2
seq0_0355_2 1299583533.65 221 348 149 74 214 352 150 74 2
seq0_0356_2 1299583533.69 221 352 152 75 214 357 147 73 2
seq0_0357_2 1299583533.79 222 357 155 77 215 362 145 72 2
seq0_0358_2 1299583533.89 222 364 152 76 215 368 143 71 2
seq0_0359_2 1299583533.92 223 371 150 75 215 374 141 70 2
seq0_0360_2 1299583533.95 224 378 148 74 215 381 140 70 2
seq0_0361_2 1299583533.99 224 382 145 72 216 385 139 69 2
seq0_0362_2 1299583534.02 224 386 142 70 217 389 139 69 2
seq0_0363_2 1299583534.05 225 390 139 69 219 394 139 69 2
seq0_0364_2 1299583534.09 229 394 134 66 220 396 139 69 2
seq0_0365_2 1299583534.19 233 398 129 64 222 399 139 69 2
seq0_0366_2 1299583534.22 238 403 124 62 224 402 139 69 2
