# exported and interpolated by Luciano Spinello [43]
seq0_0621_0 1299583547.05 161 6 227 113 166 27 217 108 2
seq0_0622_0 1299583547.08 155 10 236 117 163 31 220 109 2
seq0_0623_0 1299583547.20 149 16 245 122 160 37 223 111 2
seq0_0624_0 1299583547.21 143 21 254 127 157 42 226 113 1
seq0_0625_0 1299583547.25 138 27 256 128 155 49 226 113 1
seq0_0626_0 1299583547.29 134 33 258 129 154 56 226 113 1
seq0_0627_0 1299583547.40 130 39 260 130 153 63 226 113 2
seq0_0628_0 1299583547.42 129 48 263 131 151 68 231 115 2
seq0_0629_0 1299583547.45 130 57 267 133 149 73 236 118 2
seq0_0630_0 1299583547.56 130 67 271 135 148 79 242 121 2
seq0_0631_0 1299583547.58 136 76 266 132 146 86 244 122 2
seq0_0632_0 1299583547.62 142 85 261 130 145 93 247 123 2
seq0_0633_0 1299583547.73 148 95 256 128 144 101 250 125 2
seq0_0634_0 1299583547.75 139 101 263 131 143 109 248 124 2
seq0_0635_0 1299583547.78 132 106 271 135 142 117 246 123 2
seq0_0636_0 1299583547.90 124 113 279 139 142 126 245 122 2
seq0_0637_0 1299583547.92 122 121 282 141 140 132 248 123 2
seq0_0638_0 1299583547.95 120 129 286 143 138 138 251 125 2
seq0_0639_0 1299583547.99 119 137 290 145 136 144 255 127 2
seq0_0640_0 1299583548.10 107 150 302 151 136 152 257 128 2
seq0_0641_0 1299583548.12 95 163 315 157 137 160 259 129 2
seq0_0642_0 1299583548.15 84 177 328 164 138 168 261 130 2
seq0_0643_0 1299583548.19 84 181 329 164 131 175 267 133 2
seq0_0644_0 1299583548.31 84 185 330 164 126 183 274 136 2
seq0_0645_0 1299583548.32 84 190 331 165 120 191 281 140 2
seq0_0646_0 1299583548.43 85 191 330 164 118 201 283 141 2
seq0_0647_0 1299583548.45 86 192 329 164 116 211 285 142 2
seq0_0648_0 1299583548.48 87 194 329 164 114 222 287 143 2
seq0_0649_0 1299583548.53 77 213 342 170 113 227 288 144 2
seq0_0650_0 1299583548.56 67 232 355 177 113 232 290 145 2
seq0_0651_0 1299583548.60 58 251 369 184 113 237 292 146 2
seq0_0652_0 1299583548.70 58 264 370 185 112 250 296 148 2
seq0_0653_0 1299583548.72 59 278 372 186 113 263 301 150 2
seq0_0654_0 1299583548.75 60 292 374 187 113 276 306 153 2
seq0_0655_0 1299583548.86 68 297 366 183 108 288 310 155 2
seq0_0656_0 1299583548.88 76 302 359 179 104 300 314 157 2
seq0_0657_0 1299583548.92 84 308 352 176 100 313 318 159 2
seq0_0658_0 1299583548.96 85 312 350 175 97 323 321 160 2
seq0_0659_0 1299583549.00 87 317 349 174 93 333 324 162 2
seq0_0663_1 1299583549.30 98 -26 356 178 85 -49 338 169 2
seq0_0664_1 1299583549.31 80 -16 372 186 81 -41 340 170 2
seq0_0665_1 1299583549.35 62 -6 389 194 77 -33 343 171 2
seq0_0675_1 1299583549.95 33 133 425 212 80 133 353 176 2
seq0_0676_1 1299583550.07 37 131 418 208 82 152 340 169 2
seq0_0677_1 1299583550.08 42 129 411 205 85 171 327 163 2
seq0_0678_1 1299583550.17 47 128 405 202 88 191 314 157 2
seq0_0679_1 1299583550.20 59 162 386 192 92 205 312 156 2
seq0_0680_1 1299583550.30 72 197 367 183 96 219 310 155 2
seq0_0681_1 1299583550.32 85 232 348 174 101 233 308 154 2
seq0_0682_1 1299583550.43 87 241 344 172 102 245 308 154 2
seq0_0683_1 1299583550.45 89 251 341 170 104 257 309 154 2
seq0_0684_1 1299583550.48 92 261 338 169 106 269 310 155 2
seq0_0685_1 1299583550.61 86 270 345 172 104 289 307 153 2
seq0_0686_1 1299583550.62 80 279 352 176 104 309 305 152 2
seq0_0687_1 1299583550.73 75 289 360 180 103 330 303 151 2
seq0_0688_1 1299583550.75 78 303 358 179 103 337 304 151 2
seq0_0689_1 1299583550.78 82 317 356 178 103 344 305 152 2
seq0_0690_1 1299583550.83 86 332 355 177 103 352 306 153 1
seq0_0691_1 1299583550.86 83 356 354 177 102 363 306 153 1
seq0_0692_1 1299583550.97 82 380 354 177 102 375 306 153 1
seq0_0699_2 1299583551.41 124 -16 314 157 134 -2 283 141 2
seq0_0700_2 1299583551.44 131 -14 302 151 136 9 277 138 2
seq0_0701_2 1299583551.55 138 -13 291 145 139 20 272 135 2
seq0_0702_2 1299583551.64 146 -12 280 140 142 32 267 133 1
seq0_0703_2 1299583551.68 145 -5 277 138 144 47 262 130 1
seq0_0704_2 1299583551.71 144 2 274 136 147 63 257 128 1
seq0_0705_2 1299583551.78 143 9 271 135 150 79 252 126 1
seq0_0706_2 1299583551.84 147 23 268 133 155 87 246 123 1
seq0_0707_2 1299583551.88 151 38 265 132 160 95 241 120 1
seq0_0708_2 1299583551.91 156 53 262 131 166 103 236 118 1
seq0_0709_2 1299583551.94 158 60 261 130 166 109 235 117 1
seq0_0710_2 1299583552.05 160 68 260 129 166 115 234 116 1
seq0_0711_2 1299583552.08 162 76 259 129 167 122 233 116 1
seq0_0712_2 1299583552.18 162 82 256 128 167 129 228 113 1
seq0_0713_2 1299583552.21 163 89 254 127 168 136 223 111 1
seq0_0714_2 1299583552.24 164 96 252 126 169 143 219 109 1
seq0_0715_2 1299583552.35 167 104 246 123 174 150 213 106 1
seq0_0716_2 1299583552.38 170 113 240 120 179 157 208 103 1
seq0_0717_2 1299583552.48 174 122 234 117 185 164 203 101 1
seq0_0718_2 1299583552.51 177 135 230 115 186 169 202 100 1
seq0_0719_2 1299583552.61 180 149 227 113 187 174 201 100 1
seq0_0720_2 1299583552.65 184 163 224 112 188 180 200 100 1
seq0_0721_2 1299583552.74 180 164 225 112 189 186 196 98 1
seq0_0722_2 1299583552.78 177 165 227 113 190 192 192 96 1
seq0_0723_2 1299583552.81 174 166 229 114 192 199 188 94 1
seq0_0724_2 1299583552.84 182 173 221 110 194 203 185 92 1
seq0_0725_2 1299583552.95 190 180 213 106 197 207 183 91 1
seq0_0726_2 1299583552.98 198 187 206 103 200 212 181 90 1
seq0_0727_2 1299583553.08 199 190 202 101 200 216 181 90 1
seq0_0728_2 1299583553.11 201 193 199 99 201 220 181 90 1
seq0_0729_2 1299583553.14 203 196 196 98 202 225 181 90 1
seq0_0730_2 1299583553.25 202 204 191 95 202 230 177 88 1
seq0_0731_2 1299583553.34 202 212 186 92 202 236 174 86 1
seq0_0732_2 1299583553.38 202 221 181 90 203 242 171 85 2
seq0_0733_2 1299583553.41 203 223 184 91 202 245 171 85 2
seq0_0734_2 1299583553.45 204 227 187 93 202 247 172 85 2
seq0_0735_2 1299583553.48 205 230 190 95 202 251 173 86 2
seq0_0736_2 1299583553.58 207 237 186 93 207 255 168 84 2
seq0_0737_2 1299583553.61 210 244 182 91 212 259 164 82 2
seq0_0738_2 1299583553.71 213 251 179 89 217 264 160 80 1
seq0_0739_2 1299583553.74 213 255 179 89 216 268 157 78 1
seq0_0740_2 1299583553.78 213 260 180 89 216 272 155 77 1
seq0_0741_2 1299583553.88 214 265 181 90 216 276 153 76 2
seq0_0742_2 1299583553.91 215 263 178 88 217 280 151 75 2
seq0_0743_2 1299583553.95 216 262 175 87 218 284 149 74 2
seq0_0744_2 1299583553.98 217 261 172 86 220 289 147 73 2
seq0_0745_2 1299583554.08 219 266 167 83 220 291 146 72 2
seq0_0746_2 1299583554.11 221 271 163 81 221 293 145 72 2
seq0_0747_2 1299583554.15 223 276 159 79 222 295 145 72 1
seq0_0748_2 1299583554.18 223 281 159 79 221 300 146 72 1
seq0_0749_2 1299583554.28 223 286 160 79 220 305 147 73 1
seq0_0750_2 1299583554.31 224 292 161 80 220 310 148 74 2
seq0_0751_2 1299583554.41 223 295 160 79 219 311 146 73 2
seq0_0752_2 1299583554.45 222 299 159 79 219 312 144 72 2
seq0_0753_2 1299583554.48 221 303 158 79 219 314 142 71 2
seq0_0754_2 1299583554.51 222 306 155 77 220 317 141 70 2
seq0_0755_2 1299583554.55 223 309 153 76 221 320 140 70 2
seq0_0756_2 1299583554.58 224 313 151 75 223 323 140 70 2
seq0_0757_2 1299583554.68 228 317 147 73 223 325 138 69 2
seq0_0758_2 1299583554.71 232 322 143 71 224 327 137 68 2
seq0_0759_2 1299583554.75 236 327 139 69 225 330 136 68 2
seq0_0760_2 1299583554.78 235 330 140 69 225 333 136 68 2
seq0_0761_2 1299583554.81 234 333 141 70 225 336 137 68 2
seq0_0762_2 1299583554.91 234 336 142 71 226 340 138 69 2
seq0_0763_2 1299583554.95 233 339 140 70 226 343 136 68 2
seq0_0764_2 1299583554.98 232 343 138 69 226 346 134 67 2
seq0_0765_2 1299583555.01 232 347 136 68 226 349 133 66 2
seq0_0766_2 1299583555.11 231 344 137 68 225 350 136 68 2
seq0_0767_2 1299583555.15 231 341 138 69 225 352 140 70 2
seq0_0768_2 1299583555.18 231 339 140 70 225 354 144 72 2
seq0_0769_2 1299583555.21 230 350 143 71 226 359 142 71 2
seq0_0770_2 1299583555.31 229 361 146 73 227 365 140 70 2
seq0_0771_2 1299583555.35 228 372 150 75 229 371 139 69 2
seq0_0772_2 1299583555.38 229 373 144 72 228 374 140 69 2
seq0_0773_2 1299583555.48 231 375 138 69 227 377 141 70 2
seq0_0774_2 1299583555.51 233 377 132 66 226 380 142 71 1
seq0_0775_2 1299583555.55 233 380 134 67 225 382 140 70 1
seq0_0776_2 1299583555.65 233 383 136 68 224 384 138 69 1
seq0_0777_2 1299583555.68 233 386 138 69 224 387 137 68 2
seq0_0778_2 1299583555.71 232 390 136 68 225 391 138 68 2
seq0_0779_2 1299583555.75 232 394 135 67 226 395 139 69 2
seq0_0780_2 1299583555.85 232 399 134 67 227 400 141 70 2
seq0_0781_2 1299583555.88 233 401 134 67 228 404 140 69 2
seq0_0782_2 1299583555.92 234 404 134 67 229 408 139 69 2
seq0_0783_2 1299583555.95 236 407 135 67 230 412 138 69 2
