# exported and interpolated by Luciano Spinello [35]
seq0_0447_2 1299583538.26 307 11 154 77 295 34 151 75 2
seq0_0448_2 1299583538.29 314 11 148 74 295 38 150 74 2
seq0_0449_2 1299583538.39 321 12 143 71 295 42 149 74 2
seq0_0450_2 1299583538.43 328 13 138 69 295 47 148 74 2
seq0_0451_2 1299583538.46 310 14 156 78 294 48 148 74 2
seq0_0452_2 1299583538.49 292 16 174 87 293 49 148 74 2
seq0_0453_2 1299583538.53 274 18 193 96 293 50 148 74 2
seq0_0454_2 1299583538.56 273 18 190 94 292 51 147 73 2
seq0_0455_2 1299583538.60 273 18 187 93 291 52 147 73 2
seq0_0456_2 1299583538.69 273 19 185 92 290 54 147 73 2
seq0_0457_2 1299583538.73 278 20 184 91 288 55 145 72 2
seq0_0458_2 1299583538.76 284 22 183 91 287 57 144 71 2
seq0_0459_2 1299583538.79 290 24 183 91 286 59 143 71 2
seq0_0460_2 1299583538.89 292 23 177 88 284 62 145 72 2
seq0_0461_2 1299583538.93 294 23 171 85 282 65 147 73 2
seq0_0462_2 1299583538.96 297 23 166 83 280 69 150 75 2
seq0_0463_2 1299583539.00 294 29 168 84 275 70 153 76 2
seq0_0464_2 1299583539.09 292 35 170 85 270 71 156 77 2
seq0_0465_2 1299583539.13 290 41 173 86 265 73 159 79 2
seq0_0466_2 1299583539.16 291 42 165 82 259 73 164 81 2
seq0_0467_2 1299583539.20 293 43 157 78 253 73 169 84 2
seq0_0498_2 1299583540.76 222 139 201 100 214 152 182 91 2
seq0_0499_2 1299583540.86 220 137 204 101 212 154 182 91 2
seq0_0500_2 1299583540.90 218 135 207 103 210 156 182 91 2
seq0_0501_2 1299583540.93 216 134 210 105 209 159 183 91 1
seq0_0502_2 1299583540.96 213 137 206 103 207 162 183 91 1
seq0_0503_2 1299583541.06 210 141 203 101 205 165 183 91 1
seq0_0504_2 1299583541.16 208 145 200 100 203 169 184 92 1
seq0_0505_2 1299583541.19 206 147 207 103 200 170 190 95 1
seq0_0506_2 1299583541.23 204 150 215 107 197 171 196 98 1
seq0_0507_2 1299583541.26 202 153 223 111 194 173 203 101 1
seq0_0508_2 1299583541.30 204 156 218 109 193 173 203 101 1
seq0_0509_2 1299583541.40 206 160 214 107 193 174 203 101 1
seq0_0510_2 1299583541.43 208 164 210 105 193 175 204 102 1
seq0_0511_2 1299583541.46 204 164 215 107 192 174 205 102 1
seq0_0512_2 1299583541.50 200 164 220 110 191 174 207 103 1
seq0_0513_2 1299583541.60 196 164 226 113 190 174 209 104 1
seq0_0514_2 1299583541.63 192 161 234 117 185 172 213 106 1
seq0_0515_2 1299583541.73 189 158 242 121 181 170 217 108 1
seq0_0516_2 1299583541.76 186 156 250 125 177 168 222 111 1
seq0_0517_2 1299583541.86 185 155 248 124 175 165 226 113 1
seq0_0518_2 1299583541.90 184 154 246 123 173 163 230 115 1
seq0_0519_2 1299583541.93 183 153 244 122 172 161 235 117 1
seq0_0520_2 1299583542.03 180 148 249 124 169 160 238 119 1
seq0_0521_2 1299583542.06 178 144 255 127 167 159 242 121 1
seq0_0522_2 1299583542.10 176 140 261 130 165 158 246 123 1
seq0_0523_2 1299583542.20 165 140 269 134 160 155 250 125 1
seq0_0524_2 1299583542.23 156 140 278 138 155 152 254 127 1
seq0_0525_2 1299583542.26 146 140 287 143 151 150 258 129 1
seq0_0526_2 1299583542.30 147 137 287 143 148 149 262 131 1
seq0_0527_2 1299583542.40 148 134 287 143 145 149 266 133 1
seq0_0528_2 1299583542.43 150 132 287 143 143 149 270 135 1
seq0_0529_2 1299583542.53 150 130 294 146 140 143 277 138 1
seq0_0530_2 1299583542.56 151 129 301 150 138 137 284 141 1
seq0_0531_2 1299583542.60 152 128 308 154 136 132 291 145 1
seq0_0532_2 1299583542.70 144 120 316 158 129 123 300 149 1
seq0_0533_2 1299583542.73 135 113 324 162 123 115 309 154 1
seq0_0534_2 1299583542.76 128 106 333 166 117 107 319 159 1
seq0_0535_2 1299583542.80 119 96 342 170 114 103 319 159 1
seq0_0536_2 1299583542.90 110 86 351 175 113 99 320 159 1
seq0_0537_2 1299583542.93 101 77 360 180 111 96 321 160 1
seq0_0538_2 1299583542.97 99 70 368 184 102 84 334 166 1
seq0_0539_2 1299583543.07 96 64 376 188 93 73 347 173 1
seq0_0540_2 1299583543.10 95 58 385 192 84 62 360 180 1
seq0_0541_2 1299583543.13 90 52 393 196 81 54 367 183 1
seq0_0542_2 1299583543.16 85 47 401 200 79 46 374 186 1
seq0_0543_2 1299583543.20 81 42 410 205 77 39 381 190 1
seq0_0544_2 1299583543.23 68 35 425 212 75 35 386 192 1
seq0_0545_2 1299583543.33 56 29 440 219 73 30 391 195 1
seq0_0546_2 1299583543.36 44 23 455 227 72 27 396 198 1
seq0_0547_2 1299583543.40 36 2 464 231 51 13 416 208 1
seq0_0548_2 1299583543.50 28 -17 473 236 32 0 437 218 1
seq0_0549_2 1299583543.53 20 -38 482 241 12 -14 458 229 2
seq0_0550_2 1299583543.56 18 -30 490 245 4 -23 469 234 2
seq0_0551_2 1299583543.60 16 -22 498 249 -4 -33 481 240 2
seq0_0552_2 1299583543.63 15 -14 507 253 -12 -43 493 246 2
seq0_0553_2 1299583543.66 16 -28 517 258 -15 -54 503 251 2
seq0_0554_2 1299583543.77 17 -44 528 263 -19 -65 514 256 2
seq0_0555_2 1299583543.80 18 -59 539 269 -23 -77 525 262 2
seq0_0556_2 1299583543.83 16 -56 537 268 -28 -96 540 269 2
seq0_0557_2 1299583543.87 14 -53 535 267 -33 -114 555 277 2
seq0_0561_1 1299583543.97 -4 376 547 273 -27 337 535 267 2
seq0_0562_1 1299583544.00 -9 356 551 275 -25 326 530 264 2
seq0_0563_1 1299583544.05 -14 336 555 277 -23 315 525 262 2
seq0_0564_1 1299583544.09 -19 316 559 279 -22 304 521 260 2
seq0_0565_1 1299583544.12 -12 309 553 276 -32 289 533 266 2
seq0_0566_1 1299583544.16 -6 302 547 273 -43 274 545 272 2
seq0_0567_1 1299583544.21 0 295 542 271 -54 259 557 278 2
seq0_0568_1 1299583544.29 -10 283 560 280 -70 223 584 292 2
seq0_0569_1 1299583544.39 -21 271 579 289 -86 187 612 306 2
seq0_0570_1 1299583544.41 -32 260 598 299 -103 152 640 320 2
seq0_0571_1 1299583544.53 -32 232 604 302 -89 134 627 313 2
seq0_0572_1 1299583544.54 -32 204 610 305 -75 117 614 306 2
seq0_0573_1 1299583544.57 -33 176 616 308 -61 100 601 300 2
seq0_0574_1 1299583544.69 -34 140 618 309 -61 77 603 301 2
seq0_0575_1 1299583544.71 -36 104 620 310 -61 54 605 302 2
seq0_0576_1 1299583544.74 -38 69 623 311 -61 32 607 303 2
seq0_0577_1 1299583544.86 -36 44 632 315 -69 -4 625 312 2
seq0_0578_1 1299583544.87 -34 20 641 320 -77 -40 644 321 2
seq0_0579_1 1299583544.91 -32 -4 651 325 -86 -76 663 331 2
seq0_0580_1 1299583544.99 -32 -24 656 327 -80 -100 663 331 2
seq0_0581_1 1299583545.04 -32 -44 661 330 -74 -124 663 331 2
seq0_0585_0 1299583545.25 -106 276 696 348 -65 243 634 317 2
seq0_0586_0 1299583545.28 -72 255 654 327 -70 216 630 315 2
seq0_0587_0 1299583545.32 -40 234 613 306 -76 189 627 313 2
seq0_0588_0 1299583545.43 -7 214 572 286 -82 163 624 312 2
seq0_0589_0 1299583545.45 -10 193 574 287 -80 135 619 309 2
seq0_0590_0 1299583545.48 -13 172 576 288 -78 107 614 306 2
seq0_0591_0 1299583545.60 -17 152 579 289 -76 80 609 304 2
seq0_0592_0 1299583545.61 -11 126 571 285 -71 61 603 301 2
seq0_0593_0 1299583545.65 -5 100 564 281 -65 43 597 298 2
seq0_0594_0 1299583545.76 0 74 557 278 -61 25 592 296 2
seq0_0595_0 1299583545.78 -2 49 550 274 -55 10 579 289 2
seq0_0596_0 1299583545.89 -4 25 543 271 -50 -3 566 282 2
seq0_0597_0 1299583545.91 -7 1 537 268 -45 -18 553 276 2
seq0_0598_0 1299583546.03 -8 -17 536 267 -52 -35 557 278 2
seq0_0599_0 1299583546.05 -9 -35 535 267 -58 -54 561 280 2
seq0_0600_0 1299583546.08 -10 -53 535 267 -66 -72 566 283 2
seq0_0601_0 1299583546.12 -13 -55 537 268 -63 -86 565 282 2
seq0_0602_0 1299583546.16 -17 -57 539 269 -60 -101 564 281 2
seq0_0603_0 1299583546.20 -21 -60 542 271 -57 -116 563 281 2
seq0_0604_0 1299583546.30 -17 -49 524 262 -47 -115 551 275 2
seq0_0605_0 1299583546.32 -14 -38 506 253 -38 -114 539 269 2
seq0_0606_0 1299583546.35 -11 -28 488 244 -29 -113 527 263 2
