# exported and interpolated by Luciano Spinello [20]
seq0_0249_2 1299583528.18 225 230 163 81 234 238 140 70 2
seq0_0250_2 1299583528.21 231 230 161 80 234 237 140 70 2
seq0_0251_2 1299583528.25 237 230 159 79 234 237 141 70 2
seq0_0252_2 1299583528.28 244 231 157 78 235 237 142 71 2
seq0_0253_2 1299583528.38 242 231 157 78 235 238 142 71 2
seq0_0254_2 1299583528.42 241 230 157 78 235 238 143 71 2
seq0_0255_2 1299583528.45 240 231 158 79 235 240 144 72 2
seq0_0256_2 1299583528.55 237 226 160 80 234 239 144 72 2
seq0_0257_2 1299583528.58 235 222 163 81 233 239 144 72 2
seq0_0258_2 1299583528.62 233 218 166 83 233 239 144 72 2
seq0_0259_2 1299583528.65 229 217 169 84 230 237 146 73 2
seq0_0260_2 1299583528.75 226 216 172 85 227 234 149 74 2
seq0_0261_2 1299583528.78 223 216 175 87 225 233 152 76 2
seq0_0262_2 1299583528.82 219 214 181 90 225 231 153 76 2
seq0_0263_2 1299583528.91 215 213 187 93 225 229 154 77 2
seq0_0264_2 1299583528.95 212 212 194 97 225 228 156 78 2
seq0_0265_2 1299583528.98 215 210 191 95 225 227 156 78 2
seq0_0266_2 1299583529.08 219 210 188 94 225 226 156 78 2
seq0_0267_2 1299583529.11 223 209 186 93 225 226 157 78 1
seq0_0268_2 1299583529.15 220 208 188 94 219 226 163 81 1
seq0_0269_2 1299583529.25 218 207 191 95 213 226 169 84 1
seq0_0270_2 1299583529.28 216 206 194 97 208 226 175 87 1
seq0_0271_2 1299583529.32 215 205 196 98 210 226 175 87 1
seq0_0272_2 1299583529.35 214 204 198 99 213 226 175 87 1
seq0_0273_2 1299583529.38 214 203 200 100 216 227 175 87 1
seq0_0274_2 1299583529.42 212 204 200 100 215 225 174 87 1
seq0_0275_2 1299583529.52 211 206 201 100 214 223 174 87 1
seq0_0276_2 1299583529.55 210 208 202 101 214 221 174 87 1
seq0_0277_2 1299583529.58 208 208 202 101 210 220 178 89 1
seq0_0278_2 1299583529.68 207 207 203 101 206 218 183 91 1
seq0_0279_2 1299583529.72 206 208 204 102 202 218 188 94 1
seq0_0280_2 1299583529.81 201 206 209 104 199 215 192 96 1
seq0_0281_2 1299583529.85 196 204 214 106 196 213 196 98 1
seq0_0282_2 1299583529.89 191 203 219 109 193 211 200 100 1
seq0_0283_2 1299583529.98 192 200 223 111 195 209 199 99 1
seq0_0284_2 1299583530.01 193 198 227 113 197 209 198 99 1
seq0_0285_2 1299583530.05 194 196 232 116 200 208 198 99 1
seq0_0286_2 1299583530.09 192 193 230 115 196 204 201 100 1
seq0_0287_2 1299583530.18 190 191 228 114 192 200 205 102 1
seq0_0288_2 1299583530.22 188 189 226 113 189 197 209 104 1
seq0_0289_2 1299583530.25 184 187 233 116 189 194 210 104 1
seq0_0290_2 1299583530.28 181 186 240 119 189 192 211 105 1
seq0_0291_2 1299583530.38 178 185 247 123 189 190 213 106 1
seq0_0292_2 1299583530.42 173 181 252 125 183 190 219 109 1
seq0_0293_2 1299583530.45 169 178 257 128 178 190 225 112 1
seq0_0294_2 1299583530.49 165 175 262 131 173 190 231 115 1
seq0_0295_2 1299583530.52 164 170 268 134 171 185 236 118 1
seq0_0296_2 1299583530.62 163 165 274 137 169 180 242 121 1
seq0_0297_2 1299583530.65 163 161 281 140 168 175 248 124 1
seq0_0298_2 1299583530.68 159 156 282 140 165 168 249 124 1
seq0_0299_2 1299583530.78 156 151 283 141 162 162 250 124 1
seq0_0300_2 1299583530.88 153 147 284 142 160 156 251 125 1
seq0_0301_2 1299583530.92 149 140 291 145 154 149 261 130 1
seq0_0302_2 1299583530.95 144 133 298 149 148 143 271 135 1
seq0_0303_2 1299583530.98 141 127 306 153 143 137 281 140 1
seq0_0304_2 1299583531.02 139 127 308 154 143 132 282 140 1
seq0_0305_2 1299583531.05 137 127 310 155 144 128 283 141 1
seq0_0306_2 1299583531.15 136 127 312 156 145 124 284 142 1
seq0_0307_2 1299583531.18 127 109 326 163 136 113 293 146 1
seq0_0308_2 1299583531.28 118 91 340 170 129 102 303 151 1
seq0_0309_2 1299583531.32 109 73 354 177 121 92 313 156 1
seq0_0310_2 1299583531.35 109 74 352 176 113 84 322 160 1
seq0_0311_2 1299583531.39 108 75 350 175 105 77 331 165 1
seq0_0312_2 1299583531.49 109 76 349 174 98 70 340 170 1
seq0_0313_2 1299583531.52 102 64 357 178 98 59 344 172 1
seq0_0314_2 1299583531.55 97 52 366 182 98 49 348 174 1
seq0_0315_2 1299583531.65 91 41 375 187 98 39 352 176 1
seq0_0316_2 1299583531.68 92 26 382 191 96 26 354 177 1
seq0_0317_2 1299583531.72 94 12 390 195 95 13 357 178 1
seq0_0318_2 1299583531.75 96 -2 398 199 94 0 360 180 1
seq0_0319_2 1299583531.79 101 -6 391 195 94 -9 361 180 1
seq0_0320_2 1299583531.82 105 -11 384 192 94 -18 362 180 1
seq0_0330_1 1299583532.26 53 337 433 216 61 341 388 194 2
seq0_0331_1 1299583532.31 57 319 421 210 63 330 383 191 2
seq0_0332_1 1299583532.34 63 301 410 204 66 319 378 189 2
seq0_0333_1 1299583532.38 68 283 399 199 69 308 374 187 1
seq0_0334_1 1299583532.41 68 274 396 198 68 300 373 186 1
seq0_0335_1 1299583532.46 68 266 394 197 68 292 372 186 1
seq0_0336_1 1299583532.54 69 258 392 196 68 285 372 186 1
seq0_0337_1 1299583532.65 72 254 387 193 74 265 365 182 1
seq0_0338_1 1299583532.66 77 250 383 191 80 245 358 179 1
seq0_0339_1 1299583532.69 81 247 379 189 87 226 352 176 1
seq0_0340_1 1299583532.74 82 231 375 187 88 215 348 174 1
seq0_0341_1 1299583532.85 83 216 371 185 88 204 344 172 1
seq0_0342_1 1299583532.86 85 201 368 184 90 193 341 170 1
seq0_0343_1 1299583532.89 85 183 366 183 88 182 339 169 1
seq0_0344_1 1299583532.94 85 165 364 182 87 171 337 168 1
seq0_0345_1 1299583533.05 86 148 363 181 86 160 335 167 1
seq0_0346_1 1299583533.06 86 150 361 180 95 155 326 162 1
seq0_0347_1 1299583533.09 88 153 360 179 105 150 317 158 1
seq0_0348_1 1299583533.14 89 156 359 179 115 146 308 154 1
seq0_0349_1 1299583533.25 98 146 348 174 116 138 306 153 1
seq0_0350_1 1299583533.27 108 136 338 169 117 131 304 152 1
seq0_0351_1 1299583533.29 118 127 328 164 118 124 302 151 1
seq0_0352_1 1299583533.34 116 111 326 163 119 115 299 149 1
seq0_0353_1 1299583533.45 113 96 324 162 120 108 296 147 1
seq0_0354_1 1299583533.46 112 81 323 161 121 100 293 146 1
seq0_0355_1 1299583533.58 118 74 316 158 127 90 285 142 1
seq0_0356_1 1299583533.59 125 68 310 155 133 81 278 138 1
seq0_0357_1 1299583533.72 132 62 304 152 140 72 271 135 1
seq0_0358_1 1299583533.82 133 52 301 150 141 63 269 134 1
seq0_0359_1 1299583533.83 134 43 298 148 142 55 267 133 1
seq0_0360_1 1299583533.86 135 34 295 147 143 47 265 132 1
seq0_0361_1 1299583533.91 133 31 294 146 142 46 264 131 1
seq0_0362_1 1299583533.94 132 28 293 146 141 46 263 131 1
seq0_0363_1 1299583533.98 131 26 292 146 141 46 263 131 1
seq0_0364_1 1299583534.01 134 22 286 143 142 41 259 129 1
seq0_0365_1 1299583534.11 139 18 281 140 144 37 256 127 1
seq0_0366_1 1299583534.13 143 15 276 138 146 33 253 126 1
seq0_0367_1 1299583534.16 143 13 274 137 150 32 249 124 1
seq0_0368_1 1299583534.21 145 12 273 136 154 31 245 122 1
seq0_0369_1 1299583534.25 146 11 272 136 159 31 241 120 1
seq0_0370_1 1299583534.35 152 8 264 132 161 26 237 118 1
seq0_0371_1 1299583534.36 158 5 257 128 164 22 233 116 1
seq0_0372_1 1299583534.39 165 2 250 125 167 18 229 114 1
seq0_0373_1 1299583534.52 163 1 249 124 165 15 229 114 1
seq0_0374_1 1299583534.53 162 1 249 124 163 12 229 114 1
seq0_0375_1 1299583534.56 161 1 249 124 161 10 229 114 2
seq0_0376_1 1299583534.61 162 2 246 122 166 7 223 111 2
seq0_0377_1 1299583534.72 164 3 243 121 171 4 217 108 2
seq0_0378_1 1299583534.73 166 4 241 120 177 2 211 105 2
seq0_0379_1 1299583534.76 170 3 233 116 177 0 210 105 2
seq0_0380_1 1299583534.81 175 2 226 112 177 -1 210 105 2
seq0_0396_0 1299583535.55 231 447 142 71 216 439 170 85 2
seq0_0397_0 1299583535.58 233 447 142 71 214 437 171 85 2
seq0_0398_0 1299583535.62 236 447 143 71 212 435 172 86 2
seq0_0411_0 1299583536.32 229 461 149 74 218 436 165 82 2
seq0_0412_0 1299583536.34 232 458 145 72 224 438 157 78 2
seq0_0413_0 1299583536.37 236 456 141 70 230 440 150 74 2
seq0_0414_0 1299583536.42 240 454 138 69 236 442 143 71 2
