# exported and interpolated by Luciano Spinello [51]
seq0_0963_2 1299583564.56 265 42 152 76 277 80 129 64 2
seq0_0964_2 1299583564.66 266 45 156 78 270 80 135 67 2
seq0_0965_2 1299583564.69 267 49 161 80 263 81 142 70 2
seq0_0966_2 1299583564.72 268 53 166 83 256 82 149 74 2
seq0_0967_2 1299583564.76 267 53 166 83 257 84 148 73 2
seq0_0968_2 1299583564.79 266 53 166 83 258 87 147 73 2
seq0_0969_2 1299583564.82 265 54 166 83 259 90 146 73 2
seq0_0970_2 1299583564.92 261 58 165 82 254 92 148 74 2
seq0_0971_2 1299583564.96 257 63 164 82 249 94 150 75 2
seq0_0972_2 1299583564.99 253 68 164 82 244 97 153 76 2
seq0_0973_2 1299583565.02 253 73 158 79 244 101 149 74 2
seq0_0974_2 1299583565.06 254 78 153 76 244 105 145 72 2
seq0_0975_2 1299583565.09 255 83 148 74 245 110 141 70 2
seq0_0976_2 1299583565.12 251 81 149 74 243 113 141 70 2
seq0_0977_2 1299583565.16 248 79 150 74 241 116 142 70 2
seq0_0978_2 1299583565.19 245 77 151 75 240 120 143 71 1
seq0_0979_2 1299583565.29 240 82 155 77 236 123 147 73 1
seq0_0980_2 1299583565.32 235 87 159 79 232 126 152 75 1
seq0_0981_2 1299583565.36 230 93 163 81 229 130 157 78 1
seq0_0982_2 1299583565.39 230 97 160 79 228 137 152 75 1
seq0_0983_2 1299583565.43 230 101 157 78 227 144 147 73 1
seq0_0984_2 1299583565.52 231 106 154 77 227 151 142 71 2
seq0_0985_2 1299583565.56 231 111 153 76 226 154 143 71 2
seq0_0986_2 1299583565.59 231 116 153 76 225 157 145 72 2
seq0_0987_2 1299583565.62 232 121 153 76 225 160 147 73 2
seq0_0988_2 1299583565.72 233 128 149 74 226 164 144 71 2
seq0_0989_2 1299583565.76 234 135 145 72 228 168 141 70 2
seq0_0990_2 1299583565.79 236 143 142 71 230 173 139 69 1
seq0_0991_2 1299583565.83 235 145 143 71 228 177 140 70 1
seq0_0992_2 1299583565.86 234 147 144 71 227 181 142 71 1
seq0_0993_2 1299583565.96 234 149 145 72 226 185 144 72 1
seq0_0994_2 1299583565.99 232 154 146 73 228 189 140 70 1
seq0_0995_2 1299583566.03 230 160 148 74 231 193 137 68 1
seq0_0996_2 1299583566.06 229 166 150 75 234 198 134 67 2
seq0_0997_2 1299583566.16 229 173 149 74 233 201 135 67 2
seq0_0998_2 1299583566.19 230 180 148 74 232 205 136 67 2
seq0_0999_2 1299583566.23 231 187 148 74 231 209 137 68 2
seq0_1000_2 1299583566.26 232 190 147 73 231 210 136 67 2
seq0_1001_2 1299583566.29 233 193 147 73 232 211 135 67 2
seq0_1002_2 1299583566.33 234 196 147 73 233 213 134 67 2
seq0_1003_2 1299583566.42 233 196 148 74 233 215 133 66 2
seq0_1004_2 1299583566.46 232 196 150 75 233 217 133 66 2
seq0_1005_2 1299583566.49 232 196 152 76 234 220 133 66 2
