# exported and interpolated by Luciano Spinello [8]
seq0_0114_0 1299583521.16 -2 -1 500 250 -7 -103 496 248 2
seq0_0115_0 1299583521.20 -1 -1 503 251 -13 -93 505 252 2
seq0_0116_0 1299583521.23 -1 -1 506 253 -20 -82 515 257 2
seq0_0117_0 1299583521.28 -1 -1 510 255 -27 -73 525 262 2
seq0_0118_0 1299583521.43 -1 -3 510 255 -27 -46 523 261 2
seq0_0119_0 1299583521.45 -2 -6 510 255 -27 -19 521 260 2
seq0_0120_0 1299583521.49 -3 -9 511 255 -27 7 519 259 2
seq0_0121_0 1299583521.53 -21 2 533 266 -33 19 529 264 2
seq0_0122_0 1299583521.56 -38 13 555 277 -40 32 539 269 2
seq0_0123_0 1299583521.60 -57 25 578 289 -47 45 549 274 2
seq0_0124_0 1299583521.63 -38 54 565 282 -53 71 560 280 2
seq0_0125_0 1299583521.68 -20 83 552 276 -61 98 572 286 2
seq0_0126_0 1299583521.84 -2 112 540 270 -68 125 584 292 2
seq0_0127_0 1299583521.85 -1 136 540 270 -63 152 578 289 2
seq0_0128_0 1299583521.89 0 161 540 270 -58 179 572 286 2
seq0_0129_0 1299583522.00 0 186 540 270 -53 206 566 283 2
seq0_0130_0 1299583522.02 1 214 542 271 -51 233 573 286 2
seq0_0131_0 1299583522.14 3 243 545 272 -51 262 581 290 2
seq0_0132_0 1299583522.15 5 272 548 274 -50 290 589 294 2
seq0_0133_0 1299583522.19 4 293 549 274 -51 303 592 295 2
seq0_0134_0 1299583522.23 3 314 550 275 -51 316 595 297 2
seq0_0135_0 1299583522.26 3 336 552 276 -53 329 599 299 2
seq0_0136_0 1299583522.30 4 362 516 258 -60 343 599 299 2
seq0_0137_0 1299583522.33 5 388 480 240 -67 357 599 299 2
seq0_0141_1 1299583522.58 3 2 530 265 -50 -5 553 276 2
seq0_0142_1 1299583522.61 2 18 530 265 -41 19 544 271 2
seq0_0143_1 1299583522.66 2 34 531 265 -32 43 535 267 2
seq0_0144_1 1299583522.73 2 51 532 266 -24 67 526 263 2
seq0_0145_1 1299583522.77 0 68 531 265 -30 79 531 265 2
seq0_0146_1 1299583522.78 0 86 531 265 -36 91 537 268 2
seq0_0147_1 1299583522.83 -2 104 531 265 -43 104 543 271 2
seq0_0148_1 1299583522.87 0 121 521 260 -38 121 531 265 2
seq0_0149_1 1299583522.90 3 139 511 255 -34 137 519 259 2
seq0_0150_1 1299583523.00 6 157 502 251 -30 155 508 254 2
seq0_0151_1 1299583523.01 3 158 500 250 -27 166 502 251 2
seq0_0152_1 1299583523.05 1 159 498 249 -24 178 496 248 2
seq0_0153_1 1299583523.10 -1 161 496 248 -21 190 490 245 2
seq0_0154_1 1299583523.13 -1 173 496 248 -25 205 495 247 2
seq0_0155_1 1299583523.24 -2 186 496 248 -29 220 500 250 2
seq0_0156_1 1299583523.25 -3 199 497 248 -34 236 506 253 2
seq0_0157_1 1299583523.28 -1 206 496 248 -32 243 504 252 2
seq0_0158_1 1299583523.33 0 214 496 248 -30 250 502 251 2
seq0_0231_1 1299583527.08 295 423 166 83 247 389 209 104 2
seq0_0232_1 1299583527.12 294 423 167 83 251 390 202 100 2
seq0_0233_1 1299583527.17 294 423 168 84 256 391 195 97 2
seq0_0234_1 1299583527.20 294 423 170 85 261 392 189 94 2
seq0_0235_1 1299583527.25 300 418 165 82 268 390 184 92 2
seq0_0236_1 1299583527.41 306 414 161 80 275 388 180 90 2
seq0_0237_1 1299583527.42 313 410 157 78 282 387 176 88 2
seq0_0238_1 1299583527.45 324 407 147 73 274 383 182 91 2
seq0_0239_1 1299583527.50 335 404 137 68 266 380 189 94 2
seq0_0240_1 1299583527.54 346 402 128 64 258 377 196 98 2
seq0_0241_1 1299583527.64 348 399 127 63 269 378 183 91 2
seq0_0242_1 1299583527.65 350 397 126 62 280 380 170 85 2
seq0_0243_1 1299583527.78 352 395 125 62 291 382 158 79 2
seq0_0244_1 1299583527.79 354 393 125 62 300 380 152 76 2
seq0_0245_1 1299583527.91 356 391 126 62 309 379 147 73 2
seq0_0246_1 1299583527.92 358 389 127 63 318 378 142 71 2
seq0_0247_1 1299583527.95 364 388 126 62 318 375 143 71 2
seq0_0248_1 1299583528.00 370 388 125 62 318 373 145 72 2
seq0_0249_1 1299583528.11 376 388 124 62 318 371 147 73 2
seq0_0250_1 1299583528.12 377 387 123 61 315 369 151 75 2
seq0_0251_1 1299583528.15 379 386 122 61 313 368 155 77 2
seq0_0252_1 1299583528.20 381 386 122 61 311 367 159 79 2
seq0_0253_1 1299583528.31 381 382 122 61 308 365 162 80 2
seq0_0254_1 1299583528.32 382 378 122 61 305 364 165 82 2
seq0_0255_1 1299583528.35 383 375 123 61 302 363 168 84 2
seq0_0256_1 1299583528.48 380 372 125 62 309 362 162 81 2
seq0_0257_1 1299583528.49 377 369 128 63 316 361 156 78 2
seq0_0258_1 1299583528.52 375 367 131 65 324 360 150 75 2
seq0_0259_1 1299583528.57 380 366 124 61 333 361 140 70 2
seq0_0260_1 1299583528.68 386 365 117 58 343 362 131 65 2
seq0_0261_1 1299583528.69 392 365 110 55 353 363 122 61 2
seq0_0262_1 1299583528.72 392 364 113 56 355 363 119 59 2
seq0_0263_1 1299583528.84 392 363 116 58 357 363 116 58 2
seq0_0264_1 1299583528.85 392 362 120 60 360 363 114 57 2
seq0_0265_1 1299583528.89 394 363 118 59 359 360 116 58 2
seq0_0266_1 1299583529.01 397 364 116 58 359 357 118 59 2
seq0_0276_1 1299583529.46 371 333 144 72 339 326 156 78 2
seq0_0277_1 1299583529.49 374 331 142 71 347 327 148 74 2
seq0_0278_1 1299583529.61 377 330 140 70 356 328 140 70 2
seq0_0279_1 1299583529.62 380 329 138 69 365 330 132 66 2
seq0_0280_1 1299583529.74 384 327 136 68 356 326 140 70 2
seq0_0281_1 1299583529.76 388 325 135 67 347 323 149 74 2
seq0_0282_1 1299583529.79 393 323 134 67 339 320 158 79 2
seq0_0283_1 1299583529.84 383 324 142 71 345 322 152 76 2
seq0_0284_1 1299583529.88 374 325 150 75 351 324 147 73 2
seq0_0285_1 1299583529.92 365 326 158 79 357 326 142 71 2
seq0_0286_1 1299583530.01 376 321 148 74 358 321 144 72 2
seq0_0287_1 1299583530.11 387 316 139 69 359 316 146 73 2
seq0_0288_1 1299583530.12 398 312 130 65 361 312 148 74 2
seq0_0289_1 1299583530.16 405 312 127 63 356 309 153 76 2
seq0_0290_1 1299583530.20 413 312 124 62 351 306 159 79 2
seq0_0291_1 1299583530.31 421 312 122 61 347 303 165 82 2
seq0_0292_1 1299583530.32 420 308 119 59 351 303 157 78 2
seq0_0293_1 1299583530.36 419 304 117 58 356 304 150 74 2
seq0_0294_1 1299583530.40 418 300 115 57 361 305 143 71 2
