# exported and interpolated by Luciano Spinello [1]
seq0_0000_1 1299583515.24 66 259 414 207 78 241 372 186 1
seq0_0001_1 1299583515.29 73 227 406 203 82 227 366 183 1
seq0_0002_1 1299583515.39 80 195 398 199 87 214 360 180 1
seq0_0003_1 1299583515.41 88 164 390 195 92 201 354 177 1
seq0_0004_1 1299583515.44 89 157 386 193 93 187 352 176 1
seq0_0005_1 1299583515.49 90 150 383 191 96 173 351 175 1
seq0_0006_1 1299583515.60 92 143 380 190 98 160 350 175 1
seq0_0007_1 1299583515.61 92 144 382 191 96 155 351 175 1
seq0_0008_1 1299583515.64 91 146 384 192 94 150 352 175 1
seq0_0009_1 1299583515.69 92 148 387 193 93 145 353 176 1
seq0_0010_1 1299583515.72 89 139 388 194 94 133 352 176 1
seq0_0011_1 1299583515.76 88 130 390 195 95 122 352 176 1
seq0_0012_1 1299583515.79 86 121 392 196 97 111 352 176 1
seq0_0013_1 1299583515.96 89 86 385 192 96 91 349 174 1
seq0_0014_1 1299583515.97 92 51 378 189 95 70 346 173 1
seq0_0015_1 1299583516.09 96 17 372 186 95 51 344 172 1
seq0_0016_1 1299583516.11 97 14 372 186 101 33 340 170 1
seq0_0017_1 1299583516.19 98 12 372 186 107 16 336 168 1
seq0_0024_0 1299583516.58 133 393 322 161 138 371 302 151 2
seq0_0025_0 1299583516.62 132 382 323 161 139 359 301 150 2
seq0_0026_0 1299583516.73 130 372 324 162 140 347 300 149 2
seq0_0027_0 1299583516.75 130 362 326 163 141 335 299 149 1
seq0_0028_0 1299583516.86 130 351 323 161 141 326 298 148 1
seq0_0029_0 1299583516.88 131 341 321 160 141 317 297 148 1
seq0_0030_0 1299583516.91 132 331 319 159 141 309 296 148 1
seq0_0031_0 1299583516.96 133 322 313 156 141 303 290 145 1
seq0_0032_0 1299583517.06 133 313 307 153 143 297 285 142 1
seq0_0033_0 1299583517.08 135 304 302 151 144 291 280 140 1
seq0_0034_0 1299583517.11 137 297 298 149 144 289 278 139 1
seq0_0035_0 1299583517.16 140 290 294 147 144 287 276 138 1
seq0_0036_0 1299583517.19 143 284 291 145 144 286 274 137 1
seq0_0037_0 1299583517.23 146 284 287 143 149 284 269 134 1
seq0_0038_0 1299583517.26 148 284 283 141 154 282 264 131 1
seq0_0039_0 1299583517.30 152 284 280 140 159 280 259 129 1
seq0_0040_0 1299583517.47 156 268 269 134 162 265 253 126 1
seq0_0041_0 1299583517.48 160 253 259 129 165 250 247 123 1
seq0_0042_0 1299583517.60 165 238 249 124 169 235 241 120 1
seq0_0043_0 1299583517.61 167 235 247 123 172 232 235 117 1
seq0_0044_0 1299583517.65 169 231 246 122 175 230 229 114 1
seq0_0045_0 1299583517.77 172 229 245 122 178 228 224 112 1
seq0_0046_0 1299583517.78 177 223 239 119 181 224 220 110 1
seq0_0047_0 1299583517.81 182 217 233 116 185 221 217 108 1
seq0_0048_0 1299583517.93 187 212 227 113 189 218 214 107 1
seq0_0049_0 1299583517.95 187 207 226 112 189 215 212 106 1
seq0_0050_0 1299583518.06 187 203 225 112 189 212 210 105 1
seq0_0051_0 1299583518.08 187 199 224 112 189 209 209 104 1
seq0_0052_0 1299583518.12 184 198 223 111 191 207 205 102 1
seq0_0053_0 1299583518.23 182 197 222 110 193 206 202 100 1
seq0_0054_0 1299583518.25 180 196 221 110 196 205 199 99 1
seq0_0055_0 1299583518.37 185 192 214 106 197 201 197 98 1
seq0_0056_0 1299583518.38 191 189 207 103 198 198 195 97 1
seq0_0057_0 1299583518.41 197 186 201 100 200 195 193 96 1
seq0_0058_0 1299583518.54 198 184 199 99 201 192 192 95 1
seq0_0059_0 1299583518.55 200 182 197 98 202 189 191 95 1
seq0_0060_0 1299583518.58 202 181 196 98 204 187 191 95 1
seq0_0061_0 1299583518.66 204 180 190 95 206 185 184 92 1
seq0_0062_0 1299583518.69 207 179 184 92 209 183 178 89 1
seq0_0063_0 1299583518.77 210 179 179 89 212 182 172 86 2
seq0_0064_0 1299583518.78 210 177 178 89 214 179 169 84 2
seq0_0065_0 1299583518.82 211 175 178 89 216 177 167 83 2
seq0_0066_0 1299583518.93 212 173 178 89 218 175 165 82 2
seq0_0067_0 1299583518.95 212 172 177 88 218 174 164 82 2
seq0_0068_0 1299583518.98 212 171 177 88 218 174 164 82 2
seq0_0078_0 1299583519.48 222 167 161 80 210 165 171 85 2
seq0_0079_0 1299583519.60 224 166 156 78 214 165 165 82 2
seq0_0080_0 1299583519.62 227 165 152 76 218 166 159 79 2
seq0_0081_0 1299583519.65 230 165 148 74 223 167 153 76 2
seq0_0082_0 1299583519.77 230 163 151 75 226 167 149 74 2
seq0_0083_0 1299583519.78 230 161 155 77 230 167 145 72 2
seq0_0084_0 1299583519.82 230 159 159 79 234 168 142 71 1
seq0_0085_0 1299583519.86 231 156 156 77 234 167 141 70 1
seq0_0086_0 1299583519.90 232 154 153 76 234 166 141 70 1
seq0_0087_0 1299583520.00 234 152 150 75 234 165 141 70 1
seq0_0088_0 1299583520.02 234 152 153 76 232 164 141 70 1
seq0_0089_0 1299583520.05 234 152 156 78 231 163 142 70 1
seq0_0090_0 1299583520.09 234 153 160 80 230 162 143 71 1
seq0_0091_0 1299583520.20 235 150 155 77 231 163 140 70 1
seq0_0092_0 1299583520.22 236 147 150 75 233 165 138 69 1
seq0_0093_0 1299583520.25 238 145 146 73 235 167 136 68 1
seq0_0094_0 1299583520.30 237 145 149 74 235 166 136 68 1
seq0_0095_0 1299583520.33 236 146 152 75 235 166 136 68 1
seq0_0096_0 1299583520.36 235 147 155 77 235 166 136 68 1
seq0_0097_0 1299583520.43 233 149 154 76 235 166 138 69 1
seq0_0098_0 1299583520.48 231 151 153 76 235 166 140 70 1
seq0_0099_0 1299583520.49 230 154 153 76 235 167 142 71 1
seq0_0100_0 1299583520.57 232 154 148 73 234 166 141 70 1
seq0_0101_0 1299583520.60 235 154 143 71 233 165 140 70 1
seq0_0102_0 1299583520.63 238 154 139 69 233 164 140 70 1
seq0_0103_0 1299583520.67 235 154 144 71 233 164 139 69 1
seq0_0104_0 1299583520.77 232 154 149 74 234 164 139 69 1
seq0_0105_0 1299583520.79 230 155 154 77 235 165 139 69 1
seq0_0106_0 1299583520.82 232 155 151 75 237 166 136 68 1
seq0_0107_0 1299583520.86 234 156 148 73 239 167 134 67 1
seq0_0147_0 1299583522.83 234 164 149 74 226 171 145 72 1
seq0_0148_0 1299583522.87 235 164 146 72 227 172 143 71 1
seq0_0149_0 1299583522.90 237 165 143 71 229 173 141 70 1
seq0_0150_0 1299583523.01 239 166 140 70 231 175 140 70 1
seq0_0151_0 1299583523.02 237 166 142 71 229 172 141 70 1
seq0_0152_0 1299583523.06 235 166 144 72 228 170 142 70 1
seq0_0153_0 1299583523.10 234 167 147 73 227 168 143 71 1
seq0_0154_0 1299583523.13 231 163 148 73 228 169 142 70 1
seq0_0155_0 1299583523.24 229 159 149 74 229 170 141 70 1
seq0_0156_0 1299583523.26 227 155 151 75 231 171 141 70 1
seq0_0157_0 1299583523.29 227 156 152 75 230 172 140 69 1
seq0_0158_0 1299583523.33 227 157 153 76 230 174 139 69 1
seq0_0159_0 1299583523.37 228 159 154 77 230 176 138 69 1
seq0_0160_0 1299583523.42 230 158 151 75 230 174 139 69 1
seq0_0161_0 1299583523.57 232 157 148 73 230 172 140 70 1
seq0_0162_0 1299583523.59 234 157 145 72 230 170 142 71 1
seq0_0163_0 1299583523.62 233 154 147 73 230 170 141 70 1
seq0_0164_0 1299583523.66 232 151 149 74 231 170 140 69 1
seq0_0165_0 1299583523.78 231 149 151 75 232 170 139 69 1
seq0_0166_0 1299583523.79 230 150 152 76 230 167 142 70 1
seq0_0167_0 1299583523.90 229 151 154 77 228 164 145 72 1
seq0_0168_0 1299583523.93 229 153 156 78 227 161 148 74 1
seq0_0169_0 1299583523.96 230 153 155 77 227 161 147 73 1
seq0_0170_0 1299583524.00 231 153 154 76 228 162 147 73 1
seq0_0171_0 1299583524.03 233 153 153 76 229 163 147 73 1
seq0_0172_0 1299583524.14 233 152 151 75 229 161 146 73 1
seq0_0173_0 1299583524.16 233 151 149 74 229 160 146 73 1
seq0_0174_0 1299583524.19 234 150 148 74 229 159 146 73 1
seq0_0175_0 1299583524.31 232 147 151 75 231 157 143 71 1
seq0_0176_0 1299583524.32 230 144 154 76 234 156 140 69 1
seq0_0177_0 1299583524.36 229 142 157 78 237 155 137 68 1
seq0_0178_0 1299583524.40 229 139 154 76 236 152 137 68 1
seq0_0179_0 1299583524.43 229 136 151 75 235 150 137 68 1
seq0_0180_0 1299583524.54 229 134 149 74 234 148 138 69 1
seq0_0181_0 1299583524.56 228 131 150 75 232 145 140 70 1
seq0_0182_0 1299583524.67 227 128 152 76 231 143 142 71 1
seq0_0183_0 1299583524.69 227 126 154 77 230 141 144 72 1
seq0_0184_0 1299583524.81 226 123 157 78 230 138 142 71 1
seq0_0185_0 1299583524.82 225 121 160 80 231 135 141 70 1
seq0_0186_0 1299583524.86 225 119 164 82 232 133 140 70 1
seq0_0187_0 1299583524.90 227 116 159 79 230 130 142 71 1
seq0_0188_0 1299583524.94 230 114 154 76 228 127 144 72 1
seq0_0189_0 1299583524.97 233 112 149 74 226 125 147 73 1
seq0_0190_0 1299583525.07 231 110 152 75 227 124 146 72 1
seq0_0191_0 1299583525.09 229 108 155 77 228 124 145 72 1
seq0_0192_0 1299583525.12 227 107 158 79 230 124 144 72 1
seq0_0193_0 1299583525.17 227 108 158 79 228 122 147 73 1
seq0_0194_0 1299583525.27 227 109 159 79 226 120 150 74 1
seq0_0195_0 1299583525.29 228 110 160 80 224 118 153 76 1
seq0_0196_0 1299583525.32 227 109 161 80 224 118 152 75 1
seq0_0197_0 1299583525.37 227 109 162 80 224 118 151 75 1
seq0_0198_0 1299583525.40 227 109 163 81 225 119 150 75 1
seq0_0199_0 1299583525.51 226 108 162 81 224 118 152 76 1
seq0_0200_0 1299583525.53 225 108 162 81 223 117 154 77 1
seq0_0201_0 1299583525.56 225 108 162 81 222 116 157 78 1
seq0_0202_0 1299583525.60 224 107 163 81 222 115 155 77 1
seq0_0203_0 1299583525.71 224 107 164 81 223 115 153 76 1
seq0_0204_0 1299583525.72 224 107 165 82 224 115 152 76 1
seq0_0205_0 1299583525.76 223 106 164 82 223 115 152 76 1
seq0_0206_0 1299583525.80 222 106 164 82 223 115 152 76 1
seq0_0207_0 1299583525.84 221 106 164 82 223 115 152 76 1
seq0_0208_0 1299583525.87 221 106 164 82 222 115 153 76 1
seq0_0209_0 1299583525.91 222 106 164 82 222 115 155 77 1
seq0_0210_0 1299583525.96 223 106 165 82 222 116 157 78 1
seq0_0211_0 1299583526.03 223 104 164 81 222 115 156 77 1
seq0_0212_0 1299583526.14 223 103 163 81 222 114 155 77 1
seq0_0213_0 1299583526.16 223 102 162 81 223 114 154 77 1
seq0_0214_0 1299583526.19 223 102 162 81 224 115 152 76 1
seq0_0215_0 1299583526.23 223 102 162 81 225 117 151 75 1
seq0_0216_0 1299583526.27 223 102 162 81 227 119 150 75 1
seq0_0217_0 1299583526.30 222 103 163 81 225 118 151 75 1
seq0_0218_0 1299583526.38 221 104 164 82 224 118 152 76 1
seq0_0219_0 1299583526.47 220 106 166 83 223 118 154 77 1
seq0_0220_0 1299583526.54 222 105 163 81 223 118 154 77 1
seq0_0221_0 1299583526.56 225 105 160 80 223 118 154 77 1
seq0_0222_0 1299583526.67 228 105 158 79 224 119 154 77 1
seq0_0223_0 1299583526.69 227 105 158 79 223 120 153 76 1
seq0_0224_0 1299583526.81 226 105 158 79 223 121 153 76 1
seq0_0225_0 1299583526.83 225 105 159 79 223 122 153 76 1
seq0_0226_0 1299583526.86 225 104 159 79 224 122 152 75 1
seq0_0227_0 1299583526.90 225 103 159 79 225 123 151 75 1
seq0_0228_0 1299583526.94 225 102 159 79 226 124 151 75 1
seq0_0229_0 1299583526.97 225 102 158 78 225 123 152 75 1
seq0_0230_0 1299583527.08 225 103 157 78 224 123 153 76 1
seq0_0231_0 1299583527.09 225 104 157 78 223 123 155 77 1
seq0_0232_0 1299583527.13 224 104 158 78 223 122 155 77 1
seq0_0233_0 1299583527.25 223 105 159 79 223 122 156 77 1
seq0_0234_0 1299583527.26 223 106 161 80 223 122 157 78 1
seq0_0235_0 1299583527.29 223 104 161 80 222 122 156 78 1
seq0_0236_0 1299583527.41 224 103 161 80 221 123 156 78 1
seq0_0237_0 1299583527.43 225 102 161 80 221 124 156 78 1
seq0_0238_0 1299583527.46 226 104 158 79 222 123 155 77 1
seq0_0239_0 1299583527.50 227 106 156 78 223 122 154 77 1
seq0_0240_0 1299583527.54 228 108 154 77 224 122 154 77 1
seq0_0241_0 1299583527.64 226 107 155 77 224 121 153 76 1
seq0_0242_0 1299583527.66 225 107 156 78 224 120 153 76 1
seq0_0243_0 1299583527.78 224 107 158 79 224 119 153 76 1
seq0_0244_0 1299583527.79 225 106 157 78 223 118 153 76 1
seq0_0245_0 1299583527.91 226 106 156 77 222 117 153 76 1
seq0_0246_0 1299583527.93 227 106 155 77 221 116 154 77 1
seq0_0247_0 1299583527.96 226 104 157 78 222 116 154 77 1
seq0_0248_0 1299583528.00 225 102 160 79 223 116 154 77 1
seq0_0249_0 1299583528.11 224 101 163 81 224 116 155 77 1
seq0_0250_0 1299583528.13 223 101 163 81 224 116 154 77 1
seq0_0251_0 1299583528.16 222 101 164 81 224 117 154 77 1
seq0_0252_0 1299583528.20 222 102 165 82 224 118 154 77 1
seq0_0253_0 1299583528.31 222 104 162 81 223 118 153 76 1
seq0_0254_0 1299583528.33 223 106 160 80 223 118 153 76 1
seq0_0255_0 1299583528.36 224 108 158 79 223 119 153 76 1
seq0_0256_0 1299583528.48 224 108 158 79 224 119 153 76 1
seq0_0257_0 1299583528.49 224 109 158 79 225 120 153 76 1
seq0_0258_0 1299583528.53 225 110 158 79 226 121 154 77 1
seq0_0259_0 1299583528.57 225 110 154 77 225 119 154 77 1
seq0_0260_0 1299583528.68 226 110 150 75 224 118 154 77 1
seq0_0261_0 1299583528.69 227 111 147 73 224 117 154 77 1
seq0_0262_0 1299583528.73 226 110 150 74 226 117 151 75 1
seq0_0263_0 1299583528.84 225 109 153 76 229 118 148 74 1
seq0_0264_0 1299583528.86 225 108 156 78 232 119 146 73 1
seq0_0265_0 1299583528.89 224 106 158 79 229 118 149 74 1
seq0_0266_0 1299583529.01 223 104 161 80 226 117 153 76 1
seq0_0267_0 1299583529.03 223 102 164 82 223 116 157 78 1
seq0_0268_0 1299583529.06 222 103 164 82 222 114 157 78 1
seq0_0269_0 1299583529.18 222 104 165 82 221 113 158 78 1
seq0_0270_0 1299583529.19 222 105 166 83 221 112 159 79 1
seq0_0271_0 1299583529.23 220 103 167 83 221 113 158 78 1
seq0_0272_0 1299583529.27 218 102 168 83 222 114 157 78 1
seq0_0273_0 1299583529.31 216 101 169 84 223 116 156 78 1
seq0_0274_0 1299583529.34 219 102 165 82 222 117 155 77 1
seq0_0275_0 1299583529.45 222 103 161 80 221 118 155 77 1
seq0_0276_0 1299583529.46 225 105 157 78 221 119 155 77 1
seq0_0277_0 1299583529.49 225 104 158 78 221 119 154 77 1
seq0_0278_0 1299583529.61 225 104 159 79 222 120 154 77 1
seq0_0279_0 1299583529.63 225 104 160 80 223 121 154 77 1
seq0_0280_0 1299583529.74 223 104 162 81 221 120 156 78 1
seq0_0281_0 1299583529.76 221 104 165 82 220 119 158 79 1
seq0_0282_0 1299583529.79 220 105 168 84 219 119 160 80 1
seq0_0283_0 1299583529.84 219 105 167 83 220 118 158 79 1
seq0_0284_0 1299583529.88 218 105 166 83 221 117 156 78 1
seq0_0285_0 1299583529.92 218 105 166 83 222 116 154 77 1
seq0_0286_0 1299583530.01 220 104 164 82 222 116 155 77 1
seq0_0287_0 1299583530.11 222 104 162 81 222 116 156 77 1
seq0_0288_0 1299583530.13 224 104 161 80 222 117 157 78 1
seq0_0289_0 1299583530.16 223 104 161 80 221 117 157 78 1
seq0_0290_0 1299583530.20 223 105 161 80 220 118 157 78 1
seq0_0291_0 1299583530.32 223 106 161 80 220 119 158 79 1
seq0_0292_0 1299583530.33 223 104 161 80 221 120 156 78 1
seq0_0293_0 1299583530.36 223 103 161 80 222 121 155 77 1
seq0_0294_0 1299583530.41 223 102 162 81 223 122 154 77 1
seq0_0295_0 1299583530.44 224 102 159 79 223 120 154 77 1
seq0_0296_0 1299583530.55 226 103 156 78 223 118 155 77 1
seq0_0297_0 1299583530.56 228 104 154 77 223 116 156 78 1
seq0_0298_0 1299583530.59 227 105 151 75 223 118 155 77 1
seq0_0299_0 1299583530.71 227 107 149 74 223 120 154 76 1
seq0_0300_0 1299583530.81 227 109 147 73 224 122 153 76 1
seq0_0301_0 1299583530.83 226 108 149 74 225 121 152 75 1
seq0_0302_0 1299583530.86 225 108 151 75 226 120 151 75 1
seq0_0303_0 1299583530.91 224 108 154 77 227 119 150 75 1
seq0_0304_0 1299583530.94 223 106 156 78 226 119 150 75 1
seq0_0305_0 1299583530.97 222 105 158 79 226 119 151 75 1
seq0_0306_0 1299583531.08 221 104 161 80 226 120 152 76 1
seq0_0307_0 1299583531.10 221 104 162 80 225 120 152 76 1
seq0_0308_0 1299583531.21 221 105 163 81 224 120 152 76 1
seq0_0309_0 1299583531.23 221 106 164 82 224 121 153 76 1
seq0_0310_0 1299583531.26 220 105 164 82 224 120 152 75 1
seq0_0311_0 1299583531.31 219 104 165 82 224 119 151 75 1
seq0_0312_0 1299583531.41 219 104 166 83 225 119 151 75 1
seq0_0313_0 1299583531.43 221 105 163 81 223 119 153 76 1
seq0_0314_0 1299583531.46 224 106 161 80 221 120 155 77 1
seq0_0315_0 1299583531.58 227 107 159 79 220 121 158 79 1
seq0_0316_0 1299583531.60 225 105 161 80 221 120 157 78 1
seq0_0317_0 1299583531.63 223 103 163 81 222 119 156 77 1
seq0_0318_0 1299583531.68 221 102 165 82 223 118 155 77 1
seq0_0319_0 1299583531.71 221 102 163 81 223 118 156 77 1
seq0_0320_0 1299583531.74 222 102 161 80 223 119 157 78 1
seq0_0321_0 1299583531.85 223 102 160 80 223 120 158 79 1
seq0_0322_0 1299583531.86 224 103 159 79 222 119 158 79 1
seq0_0323_0 1299583531.90 225 104 158 78 221 118 158 79 1
seq0_0324_0 1299583531.94 227 105 157 78 220 117 158 79 1
seq0_0325_0 1299583532.05 227 105 156 77 220 117 156 78 1
seq0_0326_0 1299583532.06 227 105 155 77 221 117 154 77 1
seq0_0327_0 1299583532.10 227 106 154 77 222 117 153 76 1
seq0_0328_0 1299583532.21 226 106 155 77 222 116 153 76 1
seq0_0329_0 1299583532.23 225 106 156 78 223 115 154 76 1
seq0_0330_0 1299583532.26 224 106 158 79 224 115 155 77 1
seq0_0331_0 1299583532.31 223 106 160 80 223 116 154 77 1
seq0_0332_0 1299583532.35 222 106 162 81 222 117 154 77 1
seq0_0333_0 1299583532.38 221 106 164 82 222 119 154 77 1
seq0_0334_0 1299583532.42 221 105 164 82 223 119 152 76 1
seq0_0335_0 1299583532.46 222 105 164 82 225 119 150 75 1
seq0_0336_0 1299583532.54 223 105 164 82 227 120 148 74 1
seq0_0337_0 1299583532.65 222 105 162 81 225 119 149 74 1
seq0_0338_0 1299583532.67 222 106 160 80 223 118 150 75 1
seq0_0339_0 1299583532.70 222 107 159 79 222 117 152 76 1
seq0_0340_0 1299583532.74 223 105 158 79 223 119 151 75 1
seq0_0341_0 1299583532.78 224 103 158 79 224 121 150 75 1
seq0_0342_0 1299583532.85 225 101 158 79 226 123 150 75 1
seq0_0343_0 1299583532.90 224 103 159 79 224 122 151 75 1
seq0_0344_0 1299583532.94 223 105 161 80 223 121 152 76 1
seq0_0345_0 1299583533.05 222 107 163 81 222 120 154 77 1
seq0_0346_0 1299583533.06 221 107 164 81 222 120 154 77 1
seq0_0347_0 1299583533.10 220 107 165 82 222 120 154 77 1
seq0_0348_0 1299583533.14 219 107 166 83 223 120 154 77 1
seq0_0349_0 1299583533.26 219 106 167 83 223 120 153 76 1
seq0_0350_0 1299583533.27 219 105 168 84 223 120 152 75 1
seq0_0351_0 1299583533.30 220 104 170 85 224 120 151 75 1
seq0_0352_0 1299583533.34 220 104 168 84 224 119 151 75 1
seq0_0353_0 1299583533.45 220 105 166 83 224 118 151 75 1
seq0_0354_0 1299583533.47 221 106 165 82 225 117 152 76 1
seq0_0355_0 1299583533.58 220 105 164 82 225 117 151 75 1
seq0_0356_0 1299583533.60 219 104 164 82 225 117 150 75 1
seq0_0357_0 1299583533.63 219 104 164 82 226 117 150 75 1
seq0_0358_0 1299583533.82 220 104 164 82 226 118 150 75 1
seq0_0359_0 1299583533.83 221 104 164 82 226 120 150 75 1
seq0_0360_0 1299583533.87 222 104 164 82 226 122 150 75 1
seq0_0361_0 1299583533.91 222 104 163 81 225 118 151 75 1
seq0_0362_0 1299583533.95 223 104 162 80 224 115 152 76 1
seq0_0363_0 1299583533.98 224 105 161 80 223 112 154 77 1
seq0_0364_0 1299583534.01 223 105 161 80 223 113 154 77 1
seq0_0365_0 1299583534.11 223 105 162 80 223 114 154 77 1
seq0_0366_0 1299583534.13 223 105 163 81 223 116 154 77 1
seq0_0367_0 1299583534.17 222 103 163 81 222 115 154 77 1
seq0_0368_0 1299583534.21 221 101 163 81 221 114 155 77 1
seq0_0369_0 1299583534.25 220 99 164 82 220 114 156 78 1
seq0_0370_0 1299583534.35 221 101 161 80 221 115 154 77 1
seq0_0371_0 1299583534.37 223 104 159 79 222 117 152 76 1
seq0_0372_0 1299583534.40 225 107 157 78 224 119 151 75 1
seq0_0373_0 1299583534.52 224 106 156 77 225 117 151 75 1
seq0_0374_0 1299583534.53 223 105 155 77 226 116 151 75 1
seq0_0375_0 1299583534.57 223 104 154 77 227 115 152 76 1
seq0_0376_0 1299583534.61 222 104 158 79 225 114 153 76 1
seq0_0377_0 1299583534.72 221 105 162 81 223 113 154 76 1
seq0_0378_0 1299583534.73 221 106 166 83 222 113 155 77 1
seq0_0379_0 1299583534.77 220 106 162 81 223 112 154 76 1
seq0_0380_0 1299583534.81 219 106 158 79 224 112 153 76 1
seq0_0381_0 1299583534.85 219 106 155 77 226 112 152 76 1
seq0_0382_0 1299583534.88 220 103 157 78 225 113 151 75 1
seq0_0383_0 1299583534.92 221 101 159 79 225 115 151 75 1
seq0_0384_0 1299583534.95 222 99 162 81 225 117 151 75 1
seq0_0385_0 1299583535.00 223 99 158 79 225 117 151 75 1
seq0_0386_0 1299583535.07 225 100 154 77 225 117 151 75 1
seq0_0387_0 1299583535.11 227 101 151 75 226 117 151 75 1
seq0_0388_0 1299583535.15 224 100 155 77 225 116 151 75 1
seq0_0389_0 1299583535.26 222 100 160 79 224 115 152 75 1
seq0_0390_0 1299583535.27 220 100 165 82 224 115 153 76 1
seq0_0391_0 1299583535.30 221 101 164 81 222 115 154 76 1
seq0_0392_0 1299583535.35 222 103 163 81 221 115 155 77 1
seq0_0393_0 1299583535.45 223 105 163 81 220 115 157 78 1
seq0_0394_0 1299583535.47 223 107 159 79 220 115 157 78 1
seq0_0395_0 1299583535.50 223 109 155 77 220 115 157 78 1
seq0_0396_0 1299583535.55 224 111 151 75 220 115 158 79 1
seq0_0397_0 1299583535.58 222 109 151 75 220 116 156 78 1
seq0_0398_0 1299583535.62 220 107 151 75 220 118 154 77 1
seq0_0399_0 1299583535.73 219 106 152 76 221 120 153 76 1
seq0_0400_0 1299583535.74 220 106 149 74 220 120 153 76 1
seq0_0401_0 1299583535.77 221 106 147 73 219 120 153 76 1
seq0_0402_0 1299583535.81 222 106 145 72 219 120 154 77 1
seq0_0403_0 1299583535.85 223 106 147 73 220 116 152 76 1
seq0_0404_0 1299583535.95 225 107 149 74 222 113 151 75 1
seq0_0405_0 1299583535.97 227 108 152 76 224 110 150 75 1
seq0_0406_0 1299583536.00 226 107 152 76 224 112 150 75 1
seq0_0407_0 1299583536.05 225 106 152 76 224 114 151 75 1
seq0_0408_0 1299583536.16 225 106 152 76 225 116 152 76 1
seq0_0409_0 1299583536.17 224 106 152 76 225 117 150 75 1
seq0_0410_0 1299583536.20 223 106 152 76 225 118 149 74 1
seq0_0411_0 1299583536.32 223 107 153 76 226 120 148 74 1
seq0_0412_0 1299583536.34 221 107 153 76 226 120 148 74 1
seq0_0413_0 1299583536.37 219 108 153 76 226 120 148 74 1
seq0_0414_0 1299583536.42 218 109 154 77 226 120 148 74 1
seq0_0415_0 1299583536.45 218 108 154 77 224 120 150 75 1
seq0_0416_0 1299583536.55 218 107 154 77 222 121 152 76 1
seq0_0417_0 1299583536.57 219 106 154 77 220 122 155 77 1
seq0_0418_0 1299583536.60 220 106 152 76 221 122 153 76 1
seq0_0419_0 1299583536.65 221 106 151 75 222 122 151 75 1
seq0_0420_0 1299583536.68 222 106 150 75 224 123 150 75 1
seq0_0421_0 1299583536.79 222 104 151 75 224 122 150 75 1
seq0_0422_0 1299583536.80 222 103 153 76 225 122 150 75 1
seq0_0423_0 1299583536.84 222 102 155 77 226 122 150 75 1
seq0_0424_0 1299583536.96 223 103 151 75 225 122 150 75 1
seq0_0425_0 1299583536.97 224 105 148 73 224 122 150 75 1
seq0_0426_0 1299583537.00 225 107 145 72 224 123 151 75 1
seq0_0427_0 1299583537.13 223 106 146 73 224 121 150 75 1
seq0_0428_0 1299583537.14 222 105 148 74 225 120 150 75 1
seq0_0429_0 1299583537.17 221 104 150 75 226 119 150 75 1
seq0_0430_0 1299583537.29 222 104 148 74 225 120 150 75 1
seq0_0431_0 1299583537.30 223 105 146 73 224 122 150 75 1
seq0_0432_0 1299583537.34 224 106 144 72 224 124 151 75 1
seq0_0433_0 1299583537.38 223 106 145 72 224 123 151 75 1
seq0_0434_0 1299583537.42 223 106 146 72 224 123 151 75 1
seq0_0435_0 1299583537.45 223 106 147 73 224 123 151 75 1
seq0_0436_0 1299583537.55 221 106 150 74 223 123 151 75 1
seq0_0437_0 1299583537.57 220 106 153 76 222 123 151 75 1
seq0_0438_0 1299583537.60 219 107 157 78 222 123 152 76 1
seq0_0439_0 1299583537.72 220 106 154 76 222 124 152 76 1
seq0_0440_0 1299583537.74 221 106 151 75 223 125 152 76 1
seq0_0441_0 1299583537.77 222 106 148 74 224 126 152 76 1
seq0_0442_0 1299583537.89 220 108 149 74 223 125 153 76 1
seq0_0443_0 1299583537.90 218 110 150 75 223 124 154 76 1
seq0_0453_0 1299583538.45 219 122 144 72 224 123 153 76 2
seq0_0454_0 1299583538.49 219 118 147 73 223 122 153 76 2
seq0_0455_0 1299583538.52 219 114 150 75 222 121 153 76 2
seq0_0456_0 1299583538.55 220 111 154 77 222 120 154 77 2
seq0_0457_0 1299583538.59 220 109 152 76 223 120 153 76 2
seq0_0458_0 1299583538.63 220 107 151 75 224 120 152 75 2
seq0_0459_0 1299583538.72 221 106 150 75 225 121 151 75 1
seq0_0460_0 1299583538.82 219 105 151 75 224 119 151 75 1
seq0_0461_0 1299583538.84 217 104 153 76 223 117 152 75 1
seq0_0462_0 1299583538.87 216 104 155 77 222 116 153 76 1
seq0_0463_0 1299583538.92 215 102 157 78 223 116 153 76 1
seq0_0464_0 1299583539.03 214 101 159 79 224 117 153 76 1
seq0_0465_0 1299583539.04 213 100 162 81 225 118 154 77 1
seq0_0466_0 1299583539.07 214 100 161 80 225 118 153 76 1
seq0_0467_0 1299583539.12 215 100 160 79 225 118 152 76 1
seq0_0468_0 1299583539.22 217 100 159 79 225 118 152 76 1
seq0_0469_0 1299583539.24 217 101 156 77 225 118 152 76 1
seq0_0470_0 1299583539.28 217 102 153 76 225 118 152 76 1
seq0_0471_0 1299583539.32 217 104 151 75 225 119 153 76 1
seq0_0472_0 1299583539.42 216 104 153 76 224 119 152 76 1
seq0_0473_0 1299583539.44 215 105 155 77 223 119 152 76 1
seq0_0474_0 1299583539.47 214 106 157 78 223 119 152 76 1
seq0_0475_0 1299583539.52 215 105 155 77 223 119 152 76 1
seq0_0476_0 1299583539.63 217 105 153 76 223 119 153 76 1
seq0_0477_0 1299583539.64 219 105 151 75 224 120 154 77 1
seq0_0478_0 1299583539.67 219 105 150 75 224 120 152 76 1
seq0_0479_0 1299583539.72 220 106 150 75 225 120 150 75 1
seq0_0480_0 1299583539.82 221 107 150 75 226 121 149 74 1
seq0_0481_0 1299583539.84 219 105 150 75 226 120 149 74 1
seq0_0482_0 1299583539.87 217 103 150 75 226 120 149 74 1
seq0_0483_0 1299583539.92 216 102 151 75 226 120 150 75 1
seq0_0484_0 1299583540.02 216 101 153 76 225 120 151 75 1
seq0_0485_0 1299583540.04 217 100 155 77 224 120 152 76 1
seq0_0486_0 1299583540.07 218 99 157 78 223 120 154 77 1
seq0_0487_0 1299583540.11 219 101 154 76 223 120 154 77 1
seq0_0488_0 1299583540.15 220 103 151 75 223 120 154 77 1
seq0_0489_0 1299583540.18 222 106 149 74 223 121 155 77 1
seq0_0490_0 1299583540.23 221 104 147 73 222 120 155 77 1
seq0_0491_0 1299583540.27 221 102 145 72 222 120 155 77 1
seq0_0492_0 1299583540.35 221 101 144 72 222 120 155 77 1
seq0_0493_0 1299583540.46 220 102 146 73 222 120 154 77 1
seq0_0494_0 1299583540.48 220 103 149 74 223 121 154 77 1
seq0_0495_0 1299583540.51 220 104 152 76 224 122 154 77 1
seq0_0496_0 1299583540.55 220 104 152 76 223 121 155 77 1
seq0_0497_0 1299583540.59 220 104 152 76 223 120 156 78 1
seq0_0498_0 1299583540.64 221 105 153 76 223 119 158 79 1
seq0_0499_0 1299583540.79 221 104 152 76 221 118 157 78 1
seq0_0500_0 1299583540.81 222 104 152 76 220 117 157 78 1
seq0_0501_0 1299583540.84 223 104 152 76 219 117 157 78 1
seq0_0502_0 1299583540.88 221 103 154 77 220 117 156 78 1
seq0_0503_0 1299583541.00 220 102 156 78 221 118 156 78 1
seq0_0504_0 1299583541.09 219 101 158 79 223 119 156 78 1
seq0_0505_0 1299583541.11 220 99 157 78 224 119 154 77 1
seq0_0506_0 1299583541.14 221 98 156 78 225 120 153 76 1
seq0_0507_0 1299583541.18 222 97 156 78 226 121 152 76 1
seq0_0508_0 1299583541.22 220 99 157 78 225 119 152 76 1
seq0_0509_0 1299583541.33 218 102 159 79 225 118 152 76 1
seq0_0510_0 1299583541.34 217 105 161 80 225 117 152 76 1
seq0_0511_0 1299583541.37 218 103 157 78 225 117 151 75 1
seq0_0512_0 1299583541.42 220 102 153 76 225 117 151 75 1
seq0_0513_0 1299583541.53 222 101 150 75 226 117 151 75 1
seq0_0514_0 1299583541.54 222 102 149 74 224 115 152 76 1
seq0_0515_0 1299583541.66 222 103 149 74 223 114 154 77 1
seq0_0516_0 1299583541.67 222 104 149 74 222 113 156 78 1
seq0_0517_0 1299583541.79 221 103 147 73 222 114 155 77 1
seq0_0518_0 1299583541.81 221 102 146 72 222 115 155 77 1
seq0_0519_0 1299583541.84 221 101 145 72 223 117 155 77 1
seq0_0520_0 1299583541.97 220 100 148 73 222 117 155 77 1
seq0_0521_0 1299583541.98 219 99 151 75 222 118 155 77 1
seq0_0522_0 1299583542.01 218 99 155 77 222 119 155 77 1
seq0_0523_0 1299583542.13 219 99 153 76 222 117 155 77 1
seq0_0524_0 1299583542.14 220 100 151 75 222 115 155 77 1
seq0_0525_0 1299583542.18 221 101 149 74 222 114 156 78 1
seq0_0526_0 1299583542.22 221 100 149 74 222 114 156 78 1
seq0_0527_0 1299583542.32 221 100 149 74 222 115 157 78 1
seq0_0528_0 1299583542.34 221 100 150 75 223 116 158 79 1
seq0_0529_0 1299583542.46 220 100 151 75 223 115 157 78 1
seq0_0530_0 1299583542.48 219 100 153 76 223 115 156 78 1
seq0_0531_0 1299583542.51 218 101 155 77 223 115 156 78 1
seq0_0532_0 1299583542.63 218 102 152 75 223 115 156 78 1
seq0_0533_0 1299583542.64 218 103 149 74 223 115 156 78 1
seq0_0534_0 1299583542.68 218 104 147 73 223 116 156 78 1
seq0_0535_0 1299583542.72 218 102 147 73 223 113 155 77 1
seq0_0536_0 1299583542.83 218 100 147 73 224 111 154 76 1
seq0_0537_0 1299583542.84 219 98 148 74 225 109 153 76 1
seq0_0538_0 1299583542.88 217 100 151 75 224 112 154 76 1
seq0_0539_0 1299583542.99 215 102 154 76 223 116 155 77 1
seq0_0540_0 1299583543.01 214 104 157 78 222 120 157 78 1
seq0_0541_0 1299583543.04 217 103 152 75 223 119 155 77 1
seq0_0542_0 1299583543.09 220 102 147 73 224 119 153 76 1
seq0_0543_0 1299583543.12 223 102 142 71 225 119 151 75 1
seq0_0544_0 1299583543.16 221 101 144 72 224 119 151 75 1
seq0_0545_0 1299583543.26 219 101 146 73 224 120 152 75 1
seq0_0573_0 1299583544.58 208 79 179 89 221 96 156 78 2
seq0_0574_0 1299583544.69 208 75 177 88 219 92 158 79 2
seq0_0575_0 1299583544.71 209 71 175 87 217 89 160 80 2
seq0_0576_0 1299583544.75 210 68 174 87 216 86 162 81 2
seq0_0577_0 1299583544.86 211 63 171 85 216 83 162 81 2
seq0_0578_0 1299583544.88 212 60 169 84 217 80 162 81 2
seq0_0579_0 1299583544.91 214 56 167 83 218 77 162 81 1
seq0_0580_0 1299583544.96 213 55 164 82 216 73 164 82 1
seq0_0581_0 1299583545.00 212 54 162 81 214 69 166 83 1
seq0_0582_0 1299583545.04 212 54 160 80 212 66 168 84 1
seq0_0583_0 1299583545.12 212 43 161 80 212 61 167 83 1
seq0_0584_0 1299583545.24 212 34 163 81 212 56 166 83 1
seq0_0585_0 1299583545.25 213 24 165 82 213 52 166 83 1
seq0_0586_0 1299583545.28 209 22 170 84 212 49 166 83 1
seq0_0587_0 1299583545.32 206 20 175 87 211 46 166 83 1
seq0_0588_0 1299583545.43 203 19 181 90 211 44 167 83 1
seq0_0589_0 1299583545.45 202 16 178 88 210 36 168 83 1
seq0_0590_0 1299583545.48 201 13 175 87 210 30 169 84 1
seq0_0591_0 1299583545.60 201 10 172 86 210 23 171 85 1
seq0_0592_0 1299583545.61 201 6 172 86 209 20 172 85 1
seq0_0593_0 1299583545.65 201 2 173 86 209 18 173 86 1
seq0_0594_0 1299583545.76 202 -1 174 87 209 16 174 87 1
seq0_0595_0 1299583545.78 205 -7 171 85 209 12 173 86 1
seq0_0596_0 1299583545.89 208 -13 169 84 210 9 172 85 1
seq0_0597_0 1299583545.91 211 -19 167 83 211 6 171 85 2
