# exported and interpolated by Luciano Spinello [48]
seq0_0921_2 1299583562.69 298 -3 171 85 292 34 139 69 2
seq0_0922_2 1299583562.72 290 0 179 89 291 37 140 70 2
seq0_0923_2 1299583562.82 283 2 187 93 290 41 142 71 2
seq0_0924_2 1299583562.85 276 5 195 97 289 45 144 72 2
seq0_0925_2 1299583562.89 277 7 193 96 289 46 142 71 2
seq0_0926_2 1299583562.92 278 10 191 95 289 46 141 70 2
seq0_0927_2 1299583562.96 279 13 190 95 289 48 140 70 2
seq0_0928_2 1299583562.99 280 12 181 90 287 50 138 69 2
seq0_0929_2 1299583563.02 282 12 172 86 286 52 136 68 2
seq0_0930_2 1299583563.05 284 12 164 82 285 54 135 67 2
seq0_0931_2 1299583563.09 274 14 175 87 282 54 138 68 2
seq0_0932_2 1299583563.19 264 16 186 92 280 55 141 70 2
seq0_0933_2 1299583563.22 255 19 197 98 278 56 144 72 2
seq0_0934_2 1299583563.25 256 22 192 95 270 55 151 75 2
seq0_0935_2 1299583563.29 258 26 187 93 263 53 158 78 2
seq0_0936_2 1299583563.32 260 30 182 91 256 53 165 82 2
seq0_0937_2 1299583563.36 261 30 181 90 254 53 167 83 2
seq0_0938_2 1299583563.39 262 31 181 90 252 53 169 84 2
seq0_0939_2 1299583563.49 264 32 181 90 250 54 172 86 2
seq0_0940_2 1299583563.52 258 35 185 92 244 57 174 87 2
seq0_0941_2 1299583563.56 252 38 189 94 239 60 176 88 2
seq0_0942_2 1299583563.65 247 41 193 96 234 64 179 89 2
seq0_0943_2 1299583563.69 248 44 187 93 234 67 177 88 2
seq0_0944_2 1299583563.72 250 47 181 90 234 71 175 87 2
seq0_0945_2 1299583563.76 252 50 175 87 234 75 173 86 2
seq0_0946_2 1299583563.79 246 51 178 88 235 81 171 85 2
seq0_0947_2 1299583563.89 241 53 181 90 236 87 169 84 2
seq0_0948_2 1299583563.92 236 55 185 92 237 93 167 83 1
seq0_0949_2 1299583563.96 235 57 188 93 233 92 169 84 1
seq0_0950_2 1299583563.99 234 61 191 95 230 91 171 85 1
seq0_0951_2 1299583564.02 233 64 195 97 227 91 173 86 1
seq0_0952_2 1299583564.06 231 61 191 95 225 96 173 86 1
seq0_0953_2 1299583564.09 230 58 187 93 224 101 174 86 1
seq0_0954_2 1299583564.12 229 56 183 91 223 107 175 87 1
seq0_0955_2 1299583564.16 226 59 181 90 221 112 173 86 1
seq0_0956_2 1299583564.26 223 63 179 89 219 117 172 85 1
seq0_0957_2 1299583564.29 221 67 178 89 217 122 171 85 1
seq0_0958_2 1299583564.32 220 78 179 89 218 127 170 84 1
seq0_0959_2 1299583564.36 220 89 180 89 219 132 169 84 1
seq0_0960_2 1299583564.45 220 101 181 90 220 137 168 84 1
seq0_0961_2 1299583564.49 220 109 180 89 218 140 170 85 1
seq0_0962_2 1299583564.52 220 118 179 89 216 143 172 86 1
seq0_0963_2 1299583564.56 221 127 179 89 215 146 175 87 1
seq0_0964_2 1299583564.66 221 124 177 88 215 151 171 85 1
seq0_0965_2 1299583564.69 221 121 176 87 215 156 167 83 1
seq0_0966_2 1299583564.72 221 118 175 87 216 161 164 82 1
seq0_0967_2 1299583564.76 221 123 175 87 217 166 162 81 1
seq0_0968_2 1299583564.79 221 128 175 87 218 172 161 80 1
seq0_0969_2 1299583564.82 222 133 176 88 219 178 160 80 1
seq0_0970_2 1299583564.92 223 142 176 88 218 180 160 80 1
seq0_0971_2 1299583564.96 224 151 176 88 218 182 161 80 1
seq0_0972_2 1299583564.99 225 161 176 88 218 184 162 81 1
seq0_0973_2 1299583565.02 224 167 175 87 218 187 162 81 1
seq0_0974_2 1299583565.06 223 173 174 86 218 190 162 81 1
seq0_0975_2 1299583565.09 222 179 173 86 219 194 163 81 1
seq0_0976_2 1299583565.12 222 181 173 86 220 195 160 80 1
seq0_0977_2 1299583565.16 222 183 173 86 221 196 158 79 1
seq0_0978_2 1299583565.19 222 185 173 86 223 197 156 78 1
seq0_0979_2 1299583565.29 224 187 168 83 221 201 158 79 1
seq0_0980_2 1299583565.32 226 189 163 81 219 205 160 80 1
seq0_0981_2 1299583565.36 228 192 158 79 218 210 163 81 1
seq0_0982_2 1299583565.39 227 195 157 78 218 212 161 80 1
seq0_0983_2 1299583565.43 227 199 156 77 219 215 159 79 1
seq0_0984_2 1299583565.52 227 203 155 77 220 218 158 79 1
seq0_0985_2 1299583565.56 224 202 161 80 220 220 158 79 1
seq0_0986_2 1299583565.59 222 201 167 83 221 223 158 79 1
seq0_0987_2 1299583565.62 220 201 174 87 222 226 159 79 1
seq0_0988_2 1299583565.72 221 205 171 85 221 228 157 78 1
seq0_0989_2 1299583565.76 223 210 168 83 221 229 156 77 1
seq0_0990_2 1299583565.79 225 215 165 82 221 232 155 77 1
seq0_0991_2 1299583565.83 224 216 164 82 220 233 155 77 1
seq0_0992_2 1299583565.86 224 217 164 82 220 234 155 77 1
seq0_0993_2 1299583565.96 224 219 164 82 220 236 156 78 1
seq0_0994_2 1299583565.99 223 220 165 82 220 237 156 78 1
seq0_0995_2 1299583566.03 223 220 166 82 221 238 156 78 1
seq0_0996_2 1299583566.06 223 222 167 83 222 239 156 78 1
seq0_0997_2 1299583566.16 224 224 168 83 223 238 154 77 1
seq0_0998_2 1299583566.19 225 228 169 84 224 237 152 76 1
seq0_0999_2 1299583566.23 227 231 170 85 225 237 150 75 2
seq0_1000_2 1299583566.26 225 230 167 83 224 237 151 75 2
seq0_1001_2 1299583566.29 224 229 165 82 224 236 152 75 2
seq0_1002_2 1299583566.33 223 229 163 81 224 237 153 76 2
seq0_1003_2 1299583566.42 223 228 162 80 222 236 155 77 2
seq0_1004_2 1299583566.46 224 229 161 80 220 235 158 78 2
seq0_1005_2 1299583566.49 225 229 160 80 219 235 161 80 2
seq0_1006_2 1299583566.59 223 226 164 82 219 235 160 80 2
seq0_1007_2 1299583566.62 221 222 169 84 220 236 160 80 2
seq0_1008_2 1299583566.66 219 220 174 87 221 237 160 80 1
seq0_1009_2 1299583566.69 220 222 170 85 220 237 158 79 1
seq0_1010_2 1299583566.79 222 224 167 83 220 237 156 78 1
seq0_1011_2 1299583566.83 224 227 164 82 220 238 155 77 1
seq0_1012_2 1299583566.86 224 224 164 82 220 238 156 78 1
seq0_1013_2 1299583566.89 224 222 165 82 220 238 158 79 1
seq0_1014_2 1299583566.92 224 220 166 83 220 239 160 80 1
seq0_1015_2 1299583566.96 225 218 165 82 220 239 158 79 1
seq0_1016_2 1299583567.00 227 217 164 81 220 238 157 78 1
seq0_1017_2 1299583567.09 229 216 163 81 221 239 156 78 1
seq0_1018_2 1299583567.13 228 219 162 80 220 238 157 78 1
seq0_1019_2 1299583567.16 228 223 161 80 219 237 158 79 1
seq0_1020_2 1299583567.20 228 227 161 80 218 237 160 80 1
seq0_1021_2 1299583567.23 226 228 165 82 218 237 160 80 1
seq0_1022_2 1299583567.26 224 229 169 84 218 238 160 80 1
seq0_1023_2 1299583567.30 223 230 173 86 219 239 160 80 2
seq0_1024_2 1299583567.39 222 232 171 85 220 240 157 78 2
seq0_1025_2 1299583567.43 221 234 169 84 221 240 154 76 2
seq0_1026_2 1299583567.46 221 236 167 83 222 242 151 75 2
seq0_1027_2 1299583567.56 223 232 166 82 222 243 151 75 2
seq0_1028_2 1299583567.59 226 229 165 82 222 244 152 75 2
seq0_1029_2 1299583567.63 229 226 164 82 223 246 153 76 1
seq0_1030_2 1299583567.66 229 230 162 81 223 248 151 75 1
seq0_1031_2 1299583567.70 229 234 160 80 224 251 150 74 1
seq0_1032_2 1299583567.79 230 238 159 79 225 254 149 74 1
seq0_1033_2 1299583567.83 230 237 156 77 225 254 149 74 1
seq0_1034_2 1299583567.86 230 236 153 76 225 254 149 74 1
seq0_1035_2 1299583567.90 231 236 151 75 226 255 150 75 2
seq0_1036_2 1299583567.93 229 234 153 76 225 257 150 75 2
seq0_1037_2 1299583567.96 227 233 156 77 224 259 150 75 2
seq0_1038_2 1299583568.06 225 232 159 79 224 262 150 75 2
seq0_1039_2 1299583568.09 227 237 154 77 225 265 148 74 2
seq0_1040_2 1299583568.13 230 242 150 75 226 268 146 73 2
seq0_1041_2 1299583568.16 233 247 146 73 227 271 145 72 2
seq0_1042_2 1299583568.26 232 251 146 73 226 272 146 72 2
seq0_1043_2 1299583568.29 231 255 146 73 226 273 147 73 2
seq0_1044_2 1299583568.33 231 260 146 73 226 274 148 74 2
seq0_1045_2 1299583568.36 233 263 146 73 226 275 148 74 2
seq0_1046_2 1299583568.40 235 267 146 73 226 277 148 74 2
seq0_1047_2 1299583568.43 238 271 146 73 227 279 149 74 2
seq0_1048_2 1299583568.46 236 271 148 74 227 279 146 73 2
seq0_1049_2 1299583568.49 234 272 150 75 228 279 144 72 2
seq0_1050_2 1299583568.59 232 273 153 76 229 279 142 71 2
seq0_1051_2 1299583568.63 232 272 151 75 229 281 142 71 2
seq0_1052_2 1299583568.66 232 272 149 74 229 283 142 71 2
seq0_1053_2 1299583568.70 232 272 147 73 229 285 143 71 2
seq0_1054_2 1299583568.79 232 273 149 74 228 284 144 71 2
seq0_1055_2 1299583568.83 232 274 151 75 227 283 145 72 2
seq0_1056_2 1299583568.86 232 275 154 77 226 282 146 73 2
seq0_1057_2 1299583568.90 235 274 148 74 227 283 145 72 2
seq0_1058_2 1299583568.93 238 273 142 71 228 284 145 72 2
seq0_1059_2 1299583569.03 242 273 137 68 229 285 145 72 2
seq0_1060_2 1299583569.06 235 274 146 72 229 284 144 71 2
seq0_1061_2 1299583569.10 228 275 155 77 229 283 143 71 2
seq0_1062_2 1299583569.13 221 277 164 82 230 283 142 71 2
seq0_1063_2 1299583569.16 226 278 159 79 230 285 141 70 2
seq0_1064_2 1299583569.20 231 279 154 77 231 287 140 69 2
seq0_1065_2 1299583569.30 236 280 150 75 232 289 139 69 2
seq0_1066_2 1299583569.33 236 278 148 74 232 288 138 69 2
seq0_1067_2 1299583569.36 237 277 147 73 232 288 138 69 2
seq0_1068_2 1299583569.40 238 276 146 73 232 288 138 69 2
seq0_1069_2 1299583569.43 237 278 148 74 232 288 138 69 2
seq0_1070_2 1299583569.46 236 280 150 75 232 288 138 69 2
seq0_1071_2 1299583569.50 236 282 153 76 232 288 139 69 2
seq0_1072_2 1299583569.60 236 284 152 75 231 288 139 69 2
seq0_1073_2 1299583569.63 236 286 151 75 231 288 140 69 2
seq0_1074_2 1299583569.67 236 288 150 75 231 289 141 70 2
seq0_1075_2 1299583569.70 235 286 150 75 231 289 141 70 2
seq0_1076_2 1299583569.80 234 285 151 75 231 289 141 70 2
seq0_1077_2 1299583569.83 233 284 152 76 232 289 141 70 2
seq0_1078_2 1299583569.86 235 285 149 74 231 288 142 70 2
seq0_1079_2 1299583569.90 237 286 146 72 230 287 143 71 2
seq0_1080_2 1299583570.00 240 288 143 71 230 287 144 72 2
seq0_1081_2 1299583570.03 234 286 149 74 230 287 141 70 2
seq0_1082_2 1299583570.06 229 285 155 77 231 287 138 69 2
seq0_1083_2 1299583570.10 224 284 162 81 232 287 136 68 2
seq0_1084_2 1299583570.13 230 284 154 77 232 287 136 68 2
seq0_1085_2 1299583570.16 237 284 146 73 232 287 136 68 2
seq0_1086_2 1299583570.20 244 285 139 69 233 288 136 68 2
