# exported and interpolated by Luciano Spinello [22]
seq0_0252_2 1299583528.28 312 7 155 77 312 30 139 69 2
seq0_0253_2 1299583528.38 307 7 156 77 305 31 142 70 2
seq0_0254_2 1299583528.42 303 7 157 78 298 32 145 72 2
seq0_0255_2 1299583528.45 299 8 159 79 291 34 149 74 2
seq0_0256_2 1299583528.55 297 8 159 79 292 37 146 73 2
seq0_0257_2 1299583528.58 295 8 159 79 293 40 144 72 2
seq0_0258_2 1299583528.62 293 9 160 80 294 44 142 71 2
seq0_0259_2 1299583528.65 295 11 161 80 292 44 144 72 2
seq0_0260_2 1299583528.75 298 13 162 81 290 44 146 73 2
seq0_0261_2 1299583528.78 301 16 164 82 289 45 148 74 2
seq0_0262_2 1299583528.82 300 19 157 78 284 46 149 74 2
seq0_0263_2 1299583528.91 299 23 150 75 279 49 150 75 2
seq0_0264_2 1299583528.95 299 27 144 72 275 51 152 76 2
seq0_0265_2 1299583528.98 295 25 145 72 271 53 152 76 2
seq0_0266_2 1299583529.08 291 24 147 73 267 54 153 76 2
seq0_0267_2 1299583529.11 288 23 149 74 264 57 154 77 2
seq0_0268_2 1299583529.15 281 27 156 78 260 58 158 79 2
seq0_0269_2 1299583529.25 274 31 164 82 257 60 163 81 2
seq0_0270_2 1299583529.28 267 36 172 86 254 62 168 84 2
seq0_0271_2 1299583529.32 270 31 173 86 252 62 168 84 2
seq0_0272_2 1299583529.35 273 27 174 86 250 61 169 84 2
seq0_0273_2 1299583529.38 277 23 175 87 248 62 170 85 2
seq0_0274_2 1299583529.42 262 27 182 91 244 63 172 86 2
seq0_0275_2 1299583529.52 247 31 190 95 241 64 174 87 2
seq0_0285_2 1299583530.05 209 49 202 101 218 85 179 89 2
seq0_0286_2 1299583530.09 208 52 202 101 216 85 179 89 2
seq0_0287_2 1299583530.18 208 56 202 101 215 86 179 89 2
seq0_0288_2 1299583530.22 208 60 202 101 214 87 179 89 2
seq0_0289_2 1299583530.25 211 59 205 102 213 87 181 90 2
seq0_0290_2 1299583530.28 214 58 209 104 213 87 184 91 2
seq0_0291_2 1299583530.38 217 58 213 106 213 88 187 93 2
seq0_0292_2 1299583530.42 218 60 207 103 211 86 188 93 2
seq0_0293_2 1299583530.45 220 63 202 101 210 85 190 94 2
seq0_0294_2 1299583530.49 222 66 197 98 208 84 191 95 2
seq0_0295_2 1299583530.52 224 68 192 96 207 83 193 96 2
seq0_0296_2 1299583530.62 226 71 187 93 205 82 194 97 2
seq0_0297_2 1299583530.65 228 74 182 91 204 81 196 98 2
seq0_0298_2 1299583530.68 229 68 187 93 199 80 200 100 2
seq0_0299_2 1299583530.78 231 62 192 95 195 79 204 102 2
seq0_0342_1 1299583532.86 137 415 295 147 139 385 274 137 2
seq0_0343_1 1299583532.89 134 391 297 148 140 378 273 136 2
seq0_0344_1 1299583532.94 131 368 299 149 141 371 272 135 2
seq0_0345_1 1299583533.05 129 345 302 151 142 364 271 135 2
seq0_0346_1 1299583533.06 128 347 303 151 139 358 270 135 2
seq0_0347_1 1299583533.09 128 349 305 152 138 352 270 135 2
seq0_0348_1 1299583533.14 128 351 307 153 136 346 270 135 1
seq0_0349_1 1299583533.25 129 345 304 151 136 338 270 135 1
seq0_0350_1 1299583533.27 130 339 301 150 137 330 271 135 1
seq0_0351_1 1299583533.29 132 334 299 149 138 322 272 136 1
seq0_0352_1 1299583533.34 132 323 299 149 137 315 272 136 1
seq0_0353_1 1299583533.45 133 313 300 149 136 308 272 136 1
seq0_0354_1 1299583533.46 134 303 301 150 136 302 273 136 1
seq0_0355_1 1299583533.58 134 287 299 149 137 291 272 136 1
seq0_0356_1 1299583533.59 134 271 298 148 139 281 272 136 1
seq0_0357_1 1299583533.72 135 255 297 148 141 271 272 136 1
seq0_0358_1 1299583533.82 133 252 298 148 140 266 270 135 1
seq0_0359_1 1299583533.83 132 249 299 149 139 261 269 134 1
seq0_0360_1 1299583533.86 131 246 301 150 139 257 268 134 1
seq0_0361_1 1299583533.91 130 245 301 150 139 253 269 134 1
seq0_0362_1 1299583533.94 131 245 302 150 139 249 271 135 1
seq0_0363_1 1299583533.98 131 245 303 151 140 245 273 136 1
seq0_0364_1 1299583534.01 129 242 307 153 139 237 272 135 1
seq0_0365_1 1299583534.11 126 239 311 155 139 229 271 135 1
seq0_0366_1 1299583534.13 125 236 316 158 139 222 270 135 1
seq0_0367_1 1299583534.16 126 229 312 156 138 218 270 135 1
seq0_0368_1 1299583534.21 127 222 308 154 138 214 270 135 1
seq0_0369_1 1299583534.25 129 216 305 152 138 211 271 135 1
seq0_0370_1 1299583534.35 127 206 305 152 138 206 268 134 1
seq0_0371_1 1299583534.36 124 197 305 152 138 201 266 133 1
seq0_0372_1 1299583534.39 123 188 306 153 139 196 264 132 1
seq0_0373_1 1299583534.52 127 187 304 152 139 190 263 131 1
seq0_0374_1 1299583534.53 131 187 302 151 139 184 262 130 1
seq0_0375_1 1299583534.56 136 187 300 150 140 179 261 130 1
seq0_0376_1 1299583534.61 138 182 298 149 145 176 256 127 1
seq0_0377_1 1299583534.72 141 177 296 148 150 174 251 125 1
seq0_0378_1 1299583534.73 144 172 294 147 156 172 246 123 1
seq0_0379_1 1299583534.76 145 170 288 144 156 169 245 122 1
seq0_0380_1 1299583534.81 148 169 283 141 156 167 244 122 1
seq0_0381_1 1299583534.85 150 168 278 139 156 165 244 122 2
seq0_0382_1 1299583534.88 152 159 275 137 158 164 242 121 2
seq0_0383_1 1299583534.92 154 150 272 136 160 163 240 120 2
seq0_0384_1 1299583534.95 157 141 270 135 163 162 238 119 2
seq0_0385_1 1299583534.99 156 140 268 134 162 158 237 118 2
seq0_0386_1 1299583535.07 155 139 266 133 161 154 237 118 2
seq0_0432_1 1299583537.33 220 15 173 86 206 36 166 83 2
seq0_0433_1 1299583537.38 218 15 174 86 206 35 163 81 2
seq0_0434_1 1299583537.42 216 15 175 87 206 36 161 80 2
seq0_0435_1 1299583537.45 215 15 176 88 206 36 159 79 2
seq0_0436_1 1299583537.55 215 12 174 87 204 31 162 80 2
seq0_0437_1 1299583537.57 215 9 172 86 203 26 165 82 2
seq0_0438_1 1299583537.60 216 6 170 85 202 22 168 84 2
seq0_0439_1 1299583537.72 217 4 170 85 206 22 163 81 2
seq0_0440_1 1299583537.73 219 2 170 85 210 23 159 79 2
seq0_0441_1 1299583537.77 221 1 170 85 214 24 155 77 2
seq0_0442_1 1299583537.89 221 1 166 83 212 22 156 78 2
seq0_0443_1 1299583537.90 222 1 162 81 210 21 158 79 2
seq0_0444_1 1299583538.02 223 1 159 79 208 20 160 80 2
