# exported and interpolated by Luciano Spinello [41]
seq0_0618_0 1299583546.88 240 119 108 54 237 127 116 58 2
seq0_0619_0 1299583546.91 239 118 112 56 236 128 115 57 2
seq0_0620_0 1299583547.03 239 117 117 58 235 129 115 57 2
seq0_0621_0 1299583547.05 239 117 122 61 235 131 115 57 2
seq0_0622_0 1299583547.08 236 117 124 62 235 132 114 56 2
seq0_0623_0 1299583547.20 234 118 126 63 234 133 113 56 2
seq0_0651_0 1299583548.60 236 110 123 61 237 128 115 57 2
seq0_0652_0 1299583548.70 236 109 123 61 237 128 114 57 2
seq0_0653_0 1299583548.72 236 108 123 61 237 128 114 57 2
seq0_0654_0 1299583548.75 236 107 123 61 238 128 114 57 2
seq0_0655_0 1299583548.86 235 108 123 61 237 126 114 57 2
seq0_0656_0 1299583548.88 235 110 124 61 237 126 115 57 2
seq0_0657_0 1299583548.92 235 112 125 62 237 125 116 58 2
seq0_0658_0 1299583548.96 235 109 126 62 237 125 115 57 2
seq0_0659_0 1299583549.00 235 107 127 63 237 125 114 56 2
seq0_0660_0 1299583549.07 235 105 128 64 237 126 113 56 2
seq0_0661_0 1299583549.11 234 108 128 64 236 124 114 56 2
seq0_0662_0 1299583549.18 233 111 128 64 235 122 115 57 2
seq0_0663_0 1299583549.30 233 115 128 64 235 121 116 58 2
seq0_0664_0 1299583549.32 233 113 129 64 235 120 115 57 2
seq0_0665_0 1299583549.35 234 111 131 65 235 119 115 57 2
seq0_0666_0 1299583549.39 235 109 133 66 236 119 115 57 2
seq0_0667_0 1299583549.50 235 108 132 66 237 120 114 56 2
seq0_0668_0 1299583549.52 235 107 132 66 238 122 113 56 2
seq0_0669_0 1299583549.63 235 106 132 66 240 124 113 56 2
seq0_0670_0 1299583549.65 233 107 132 66 239 124 113 56 2
seq0_0671_0 1299583549.77 231 108 133 66 238 125 114 56 2
seq0_0672_0 1299583549.78 230 110 134 67 238 126 115 57 2
seq0_0673_0 1299583549.82 230 108 133 66 235 124 117 58 2
seq0_0674_0 1299583549.94 231 107 132 65 232 124 120 59 2
seq0_0675_0 1299583549.95 232 106 131 65 230 123 123 61 2
seq0_0676_0 1299583550.07 232 107 128 63 230 122 121 60 2
seq0_0677_0 1299583550.08 232 109 125 62 232 123 120 59 2
seq0_0678_0 1299583550.17 232 111 122 61 233 123 119 59 2
seq0_0679_0 1299583550.20 231 109 122 61 233 123 119 59 2
seq0_0680_0 1299583550.30 232 107 123 61 233 123 119 59 2
seq0_0681_0 1299583550.32 232 106 124 62 233 123 119 59 2
seq0_0682_0 1299583550.43 230 107 133 66 234 123 117 58 2
seq0_0683_0 1299583550.45 229 108 143 71 236 123 115 57 2
seq0_0684_0 1299583550.48 228 109 153 76 238 123 113 56 2
seq0_0685_0 1299583550.61 227 109 149 74 236 124 115 57 2
seq0_0686_0 1299583550.62 226 109 145 72 235 125 117 58 2
seq0_0699_0 1299583551.33 236 115 125 62 233 130 118 59 2
seq0_0700_0 1299583551.36 235 113 125 62 230 129 121 60 2
seq0_0701_0 1299583551.47 235 111 126 62 228 129 124 61 2
seq0_0702_0 1299583551.58 235 110 127 63 226 129 127 63 2
seq0_0703_0 1299583551.59 233 109 128 63 228 128 124 62 2
seq0_0704_0 1299583551.62 231 108 129 64 230 127 122 61 2
seq0_0705_0 1299583551.70 229 107 130 65 233 127 120 60 2
seq0_0706_0 1299583551.75 229 104 132 66 231 125 122 61 2
seq0_0707_0 1299583551.80 230 101 134 67 230 123 124 62 2
seq0_0708_0 1299583551.82 231 98 136 68 229 121 126 63 2
seq0_0709_0 1299583551.86 227 95 139 69 229 118 124 62 2
seq0_0710_0 1299583551.90 224 93 142 70 229 116 123 61 2
seq0_0711_0 1299583551.93 221 91 145 72 230 114 122 61 2
seq0_0712_0 1299583552.10 221 85 145 72 230 110 122 61 2
seq0_0713_0 1299583552.12 221 80 145 72 229 106 122 61 2
seq0_0714_0 1299583552.15 222 75 145 72 230 102 123 61 2
