# exported and interpolated by Luciano Spinello [26]
seq0_0357_2 1299583533.79 255 -6 230 115 289 22 173 86 2
seq0_0358_2 1299583533.89 262 -4 218 109 288 27 168 83 2
seq0_0359_2 1299583533.92 270 -2 206 103 288 34 163 81 2
seq0_0372_2 1299583534.49 261 36 182 91 265 55 164 82 2
seq0_0373_2 1299583534.59 258 29 187 93 260 56 167 83 2
seq0_0374_2 1299583534.62 256 23 192 96 256 58 171 85 2
seq0_0375_2 1299583534.65 254 17 198 99 252 60 175 87 2
seq0_0376_2 1299583534.69 246 18 205 102 250 64 173 86 2
seq0_0377_2 1299583534.79 238 18 212 105 248 69 172 85 2
seq0_0378_2 1299583534.82 230 20 219 109 247 74 171 85 1
seq0_0379_2 1299583534.86 233 24 212 105 243 73 174 86 1
seq0_0380_2 1299583534.89 236 29 205 102 239 73 177 88 1
seq0_0381_2 1299583534.92 240 34 198 99 236 73 181 90 1
seq0_0382_2 1299583534.96 237 40 198 99 236 75 178 88 1
seq0_0383_2 1299583535.05 235 46 198 99 236 77 175 87 1
seq0_0384_2 1299583535.09 233 53 198 99 237 79 173 86 1
seq0_0385_2 1299583535.12 228 51 201 100 231 81 176 87 1
seq0_0386_2 1299583535.16 223 50 204 101 226 83 179 89 1
seq0_0387_2 1299583535.19 219 49 207 103 221 85 183 91 1
seq0_0388_2 1299583535.23 216 51 206 102 217 85 184 92 1
seq0_0389_2 1299583535.32 214 53 205 102 213 85 186 93 1
seq0_0390_2 1299583535.36 212 56 205 102 209 86 188 94 1
seq0_0391_2 1299583535.39 212 59 202 101 209 89 189 94 1
seq0_0392_2 1299583535.43 213 62 200 100 209 93 190 94 1
seq0_0393_2 1299583535.52 214 65 198 99 210 97 191 95 1
seq0_0394_2 1299583535.56 211 71 204 102 210 99 190 95 1
seq0_0395_2 1299583535.59 209 77 210 105 210 101 190 95 1
seq0_0396_2 1299583535.62 207 83 216 108 211 103 190 95 1
seq0_0397_2 1299583535.66 207 85 215 107 210 106 190 95 1
seq0_0398_2 1299583535.69 207 88 214 107 209 109 190 95 1
seq0_0399_2 1299583535.79 207 91 214 107 209 113 191 95 1
seq0_0400_2 1299583535.82 205 94 214 107 205 116 195 97 1
seq0_0401_2 1299583535.86 203 98 215 107 202 119 199 99 1
seq0_0402_2 1299583535.89 202 102 216 108 199 123 203 101 1
seq0_0403_2 1299583535.93 201 105 219 109 199 126 203 101 1
seq0_0404_2 1299583536.02 201 109 222 110 200 129 203 101 1
seq0_0405_2 1299583536.06 201 113 225 112 201 132 203 101 1
seq0_0406_2 1299583536.09 195 112 231 115 198 132 204 102 1
seq0_0407_2 1299583536.13 190 112 237 118 196 132 206 103 1
seq0_0408_2 1299583536.22 185 111 243 121 194 132 208 104 1
seq0_0409_2 1299583536.26 180 111 249 124 192 132 210 105 1
seq0_0410_2 1299583536.29 175 110 255 127 190 132 212 106 1
seq0_0411_2 1299583536.39 170 110 261 130 188 133 214 107 1
seq0_0412_2 1299583536.42 171 110 257 128 187 132 216 108 1
seq0_0413_2 1299583536.46 174 110 254 126 186 132 218 109 1
seq0_0414_2 1299583536.49 176 111 251 125 186 132 221 110 1
seq0_0415_2 1299583536.52 175 111 253 126 185 131 222 110 1
seq0_0416_2 1299583536.62 175 111 256 127 184 131 223 111 1
seq0_0417_2 1299583536.66 175 112 259 129 184 131 224 112 1
seq0_0418_2 1299583536.69 176 113 260 129 183 131 226 113 1
seq0_0419_2 1299583536.72 177 114 261 130 182 132 229 114 1
seq0_0420_2 1299583536.76 179 116 262 131 182 133 232 116 1
seq0_0421_2 1299583536.86 177 117 263 131 178 133 235 117 1
seq0_0422_2 1299583536.89 175 117 264 132 175 134 238 118 1
seq0_0423_2 1299583536.92 174 119 266 133 172 135 241 120 1
seq0_0424_2 1299583537.02 166 118 274 137 168 134 246 122 1
seq0_0425_2 1299583537.06 157 118 282 141 165 133 251 125 1
seq0_0426_2 1299583537.09 150 118 291 145 162 132 256 128 1
seq0_0427_2 1299583537.19 148 121 297 148 159 133 259 129 1
seq0_0428_2 1299583537.22 147 124 303 151 158 134 263 131 1
seq0_0429_2 1299583537.26 146 127 309 154 156 135 267 133 1
seq0_0430_2 1299583537.36 146 125 308 153 158 134 267 133 1
seq0_0431_2 1299583537.39 146 123 307 153 160 134 267 133 1
seq0_0432_2 1299583537.43 147 122 306 153 162 134 267 133 1
seq0_0433_2 1299583537.46 145 118 306 153 156 130 272 135 1
seq0_0434_2 1299583537.49 144 115 307 153 151 126 277 138 1
seq0_0435_2 1299583537.53 143 112 308 154 146 123 282 141 1
seq0_0436_2 1299583537.63 139 108 314 157 141 120 286 143 1
seq0_0437_2 1299583537.66 136 105 320 160 136 117 290 145 1
seq0_0438_2 1299583537.69 133 102 327 163 132 114 295 147 1
seq0_0439_2 1299583537.79 129 97 332 165 131 110 297 148 1
seq0_0440_2 1299583537.83 126 92 337 168 130 107 299 149 1
seq0_0441_2 1299583537.86 123 88 343 171 130 104 302 151 1
seq0_0442_2 1299583537.96 123 87 342 171 130 100 305 152 1
seq0_0443_2 1299583537.99 123 86 342 171 130 96 308 153 1
seq0_0444_2 1299583538.09 124 85 342 171 130 93 311 155 1
seq0_0445_2 1299583538.13 115 81 353 176 120 90 321 160 1
seq0_0446_2 1299583538.23 107 77 364 182 112 89 332 165 1
seq0_0447_2 1299583538.26 99 74 376 188 103 87 343 171 1
seq0_0448_2 1299583538.29 98 72 377 188 98 83 349 174 1
seq0_0449_2 1299583538.39 99 69 379 189 92 79 355 177 1
seq0_0450_2 1299583538.43 99 68 381 190 88 76 362 181 1
seq0_0451_2 1299583538.46 97 65 383 191 90 80 360 180 1
seq0_0452_2 1299583538.49 96 62 386 192 93 84 358 179 1
seq0_0453_2 1299583538.53 95 60 389 194 96 88 357 178 2
seq0_0454_2 1299583538.56 92 60 393 196 93 88 358 179 2
seq0_0455_2 1299583538.60 89 60 397 198 92 89 360 180 2
seq0_0456_2 1299583538.69 87 61 402 201 90 90 362 181 1
seq0_0457_2 1299583538.73 87 64 405 202 91 84 362 181 1
seq0_0458_2 1299583538.76 87 67 408 204 94 79 363 181 1
seq0_0459_2 1299583538.79 88 71 412 206 96 74 364 182 1
seq0_0460_2 1299583538.89 88 72 410 205 93 73 366 183 1
seq0_0461_2 1299583538.93 88 73 408 204 92 74 369 184 1
seq0_0462_2 1299583538.96 89 74 407 203 90 74 372 186 1
seq0_0463_2 1299583539.00 87 68 405 202 91 69 368 184 1
seq0_0464_2 1299583539.09 85 62 404 201 92 65 365 182 1
seq0_0465_2 1299583539.13 84 57 403 201 94 61 362 181 1
seq0_0466_2 1299583539.16 84 60 406 202 89 57 366 183 1
seq0_0467_2 1299583539.20 84 62 409 204 85 54 371 185 1
seq0_0468_2 1299583539.29 84 66 412 206 81 51 376 188 1
seq0_0469_2 1299583539.33 85 57 411 205 80 44 378 189 1
seq0_0470_2 1299583539.36 86 48 410 204 79 37 380 190 1
seq0_0471_2 1299583539.39 88 40 409 204 78 31 382 191 1
seq0_0472_2 1299583539.49 89 29 411 205 74 22 387 193 1
seq0_0473_2 1299583539.53 89 18 413 206 70 14 393 196 1
seq0_0474_2 1299583539.56 91 8 416 208 67 6 399 199 1
seq0_0475_2 1299583539.60 89 -2 420 210 67 -7 403 201 1
seq0_0476_2 1299583539.69 86 -13 424 212 67 -20 408 203 1
seq0_0477_2 1299583539.73 85 -24 429 214 68 -33 413 206 2
seq0_0478_2 1299583539.76 79 -28 436 217 66 -38 416 207 2
seq0_0479_2 1299583539.80 73 -33 443 221 64 -43 419 209 2
seq0_0480_2 1299583539.89 67 -38 450 225 63 -48 422 211 2
seq0_0481_2 1299583539.93 69 -46 431 215 64 -63 420 210 2
seq0_0482_2 1299583539.96 71 -54 412 205 66 -78 419 209 2
seq0_0486_1 1299583540.07 71 383 420 210 69 378 389 194 2
seq0_0487_1 1299583540.11 67 377 420 210 68 368 389 194 2
seq0_0488_1 1299583540.15 64 371 421 210 67 358 389 194 2
seq0_0489_1 1299583540.18 61 366 422 211 67 349 390 195 2
seq0_0490_1 1299583540.22 58 362 425 212 67 347 388 194 2
seq0_0491_1 1299583540.27 57 358 429 214 69 345 387 193 2
seq0_0492_1 1299583540.35 55 355 433 216 70 343 386 193 2
seq0_0493_1 1299583540.46 51 335 432 216 57 317 397 198 2
seq0_0494_1 1299583540.47 48 316 432 216 45 291 408 204 2
seq0_0495_1 1299583540.50 45 297 432 216 33 266 420 210 1
seq0_0496_1 1299583540.63 53 273 419 209 44 262 406 203 1
seq0_0497_1 1299583540.64 62 249 406 203 55 259 392 196 1
seq0_0498_1 1299583540.67 71 226 394 197 67 256 379 189 1
seq0_0499_1 1299583540.79 67 226 398 199 63 243 382 190 1
seq0_0500_1 1299583540.80 64 226 402 201 59 230 385 192 1
seq0_0501_1 1299583540.83 61 226 406 203 55 218 389 194 1
seq0_0502_1 1299583540.88 67 206 403 201 58 202 387 193 1
seq0_0503_1 1299583540.99 73 187 400 199 61 186 385 192 1
seq0_0504_1 1299583541.09 80 168 397 198 64 170 383 191 1
seq0_0505_1 1299583541.10 77 146 400 199 64 164 383 191 1
seq0_0506_1 1299583541.14 74 123 403 201 64 158 383 191 1
seq0_0507_1 1299583541.18 72 102 407 203 65 153 383 191 1
seq0_0508_1 1299583541.22 70 99 407 203 65 134 380 190 1
seq0_0509_1 1299583541.33 69 96 407 203 67 115 378 189 1
seq0_0510_1 1299583541.34 68 94 408 204 68 97 376 188 1
seq0_0511_1 1299583541.37 68 84 408 204 76 84 369 184 1
seq0_0512_1 1299583541.42 69 74 409 204 85 71 362 180 1
seq0_0513_1 1299583541.53 70 65 410 205 94 59 355 177 1
seq0_0514_1 1299583541.54 68 51 414 207 82 45 367 183 1
seq0_0515_1 1299583541.66 65 38 418 209 70 31 379 189 1
seq0_0516_1 1299583541.67 64 25 423 211 59 18 392 196 1
seq0_0517_1 1299583541.79 69 -2 415 207 61 8 387 193 1
seq0_0518_1 1299583541.80 75 -28 407 203 64 0 382 191 1
seq0_0519_1 1299583541.84 81 -56 400 200 67 -10 378 189 2
seq0_0520_1 1299583541.96 81 -64 399 199 65 -30 382 191 2
seq0_0521_1 1299583541.97 82 -72 398 199 63 -50 387 193 2
seq0_0522_0 1299583542.01 85 420 400 200 76 377 388 194 2
seq0_0523_0 1299583542.13 79 403 405 202 75 365 388 194 2
seq0_0524_0 1299583542.14 73 386 410 205 76 353 389 194 2
seq0_0525_0 1299583542.18 68 369 416 208 76 341 390 195 2
seq0_0526_0 1299583542.22 69 354 409 204 76 329 384 192 2
seq0_0527_0 1299583542.32 70 339 402 200 77 317 379 189 2
seq0_0528_0 1299583542.34 71 324 395 197 78 306 374 187 2
seq0_0529_0 1299583542.46 69 315 394 197 80 298 368 184 2
seq0_0530_0 1299583542.48 68 306 394 197 83 290 363 181 2
seq0_0531_0 1299583542.51 67 297 394 197 86 283 358 179 1
seq0_0532_0 1299583542.63 73 286 388 194 95 270 348 174 1
seq0_0533_0 1299583542.64 78 276 382 191 105 258 339 169 1
seq0_0534_0 1299583542.68 85 266 377 188 115 246 330 165 1
seq0_0535_0 1299583542.72 81 257 380 189 108 234 336 168 1
seq0_0536_0 1299583542.83 77 248 383 191 102 222 342 171 1
seq0_0537_0 1299583542.84 74 240 387 193 96 210 349 174 2
seq0_0538_0 1299583542.88 70 225 387 193 99 199 343 171 2
seq0_0539_0 1299583542.99 67 210 388 193 102 188 338 168 2
seq0_0540_0 1299583543.01 64 195 389 194 106 177 333 166 2
seq0_0541_0 1299583543.04 79 189 373 186 106 176 330 164 2
seq0_0542_0 1299583543.09 94 184 357 178 107 175 327 163 2
seq0_0543_0 1299583543.12 110 179 342 171 108 175 325 162 2
seq0_0544_0 1299583543.16 121 167 331 165 104 160 330 164 2
seq0_0545_0 1299583543.26 132 156 320 159 101 145 335 167 2
seq0_0561_0 1299583543.98 107 27 305 152 130 33 290 145 2
seq0_0562_0 1299583544.01 104 18 306 153 122 17 301 150 2
seq0_0563_0 1299583544.05 101 9 308 154 115 1 313 156 2
seq0_0564_0 1299583544.09 99 1 310 155 108 -15 325 162 2
seq0_0565_0 1299583544.13 95 -7 313 156 111 -20 320 159 2
seq0_0566_0 1299583544.16 92 -16 316 157 113 -25 315 157 2
seq0_0567_0 1299583544.22 89 -25 319 159 117 -31 311 155 2
seq0_0568_0 1299583544.29 91 -32 319 159 116 -47 311 155 2
seq0_0569_0 1299583544.39 94 -39 319 159 116 -63 311 155 2
seq0_0570_0 1299583544.41 97 -47 320 160 116 -80 312 156 2
