# exported and interpolated by Luciano Spinello [44]
seq0_0627_0 1299583547.40 121 -51 278 139 129 -21 265 132 2
seq0_0628_0 1299583547.42 118 -33 285 142 128 -13 267 133 2
seq0_0629_0 1299583547.45 115 -15 292 145 128 -5 269 134 2
seq0_0630_0 1299583547.56 112 2 299 149 128 3 272 136 1
seq0_0631_0 1299583547.58 119 8 294 146 127 10 274 137 1
seq0_0632_0 1299583547.62 126 15 289 144 127 17 276 138 1
seq0_0633_0 1299583547.73 134 22 285 142 127 24 278 139 1
seq0_0634_0 1299583547.75 129 25 287 143 123 33 280 140 1
seq0_0635_0 1299583547.78 124 28 289 144 119 42 282 141 1
seq0_0636_0 1299583547.90 119 32 291 145 116 51 285 142 1
seq0_0637_0 1299583547.92 114 40 297 148 111 57 289 144 1
seq0_0638_0 1299583547.95 110 49 303 151 107 64 294 146 1
seq0_0639_0 1299583547.99 106 58 309 154 103 71 299 149 1
seq0_0640_0 1299583548.10 96 70 323 161 103 78 304 151 1
seq0_0641_0 1299583548.12 87 84 337 168 103 86 309 154 1
seq0_0642_0 1299583548.15 78 97 352 176 103 94 314 157 1
seq0_0643_0 1299583548.19 71 105 359 179 93 102 324 162 1
seq0_0644_0 1299583548.31 65 113 366 183 83 110 334 167 1
seq0_0645_0 1299583548.32 59 122 374 187 73 118 345 172 1
seq0_0646_0 1299583548.43 55 128 378 189 66 125 354 176 1
seq0_0647_0 1299583548.45 52 135 383 191 59 132 363 181 1
seq0_0648_0 1299583548.48 49 142 388 194 52 139 372 186 1
seq0_0649_0 1299583548.53 42 152 399 199 51 143 374 187 1
seq0_0650_0 1299583548.56 36 162 410 205 51 147 377 188 1
seq0_0651_0 1299583548.60 30 173 422 211 51 152 380 190 1
seq0_0652_0 1299583548.70 31 187 424 212 51 163 384 192 1
seq0_0653_0 1299583548.72 33 201 426 213 51 174 389 194 1
seq0_0654_0 1299583548.75 35 216 429 214 51 185 394 197 1
seq0_0655_0 1299583548.86 26 221 436 217 41 195 402 201 1
seq0_0656_0 1299583548.88 18 227 443 221 32 205 410 205 1
seq0_0657_0 1299583548.92 10 233 451 225 23 216 418 209 1
seq0_0658_0 1299583548.96 9 238 456 228 15 229 429 214 1
seq0_0659_0 1299583549.00 8 243 462 231 8 243 440 219 1
seq0_0660_0 1299583549.07 7 249 468 234 1 257 451 225 1
seq0_0661_0 1299583549.11 6 295 477 238 -5 278 465 232 1
seq0_0662_0 1299583549.18 5 341 487 243 -11 299 479 239 1
seq0_0669_1 1299583549.63 -26 3 525 262 -17 -5 483 241 2
seq0_0670_1 1299583549.68 -21 22 523 261 -13 19 482 240 2
seq0_0671_1 1299583549.75 -17 41 521 260 -9 42 481 240 2
seq0_0672_1 1299583549.78 -13 61 520 260 -6 67 481 240 1
seq0_0673_1 1299583549.87 -13 84 516 258 -15 86 486 242 1
seq0_0674_1 1299583549.91 -14 107 513 256 -24 105 491 245 1
seq0_0675_1 1299583549.95 -15 131 510 255 -33 125 497 248 1
seq0_0676_1 1299583550.07 -21 137 514 257 -31 149 491 245 1
seq0_0677_1 1299583550.08 -27 144 518 259 -29 173 485 242 1
seq0_0678_1 1299583550.17 -34 151 522 261 -27 198 480 240 1
seq0_0679_1 1299583550.20 -28 197 518 259 -22 220 479 239 1
seq0_0680_1 1299583550.30 -22 243 514 257 -17 243 478 238 1
seq0_0681_1 1299583550.32 -16 290 510 255 -13 266 477 238 1
seq0_0682_1 1299583550.43 -9 309 502 251 -11 286 472 236 1
seq0_0683_1 1299583550.45 -3 328 494 247 -9 306 468 234 1
seq0_0690_2 1299583550.91 47 -32 459 229 24 -41 441 220 2
seq0_0691_2 1299583550.94 44 -19 450 224 31 -26 429 214 2
seq0_0692_2 1299583551.04 41 -7 441 220 39 -11 418 208 2
seq0_0693_2 1299583551.07 38 5 432 216 47 4 407 203 1
seq0_0694_2 1299583551.11 46 10 420 210 53 20 392 196 1
seq0_0695_2 1299583551.15 54 15 409 204 59 36 378 189 1
seq0_0696_2 1299583551.27 63 21 398 199 65 52 364 182 1
seq0_0697_2 1299583551.31 70 38 387 193 82 65 348 174 1
seq0_0698_2 1299583551.34 78 55 376 187 100 79 332 166 1
seq0_0699_2 1299583551.41 86 73 365 182 118 93 316 158 1
seq0_0700_2 1299583551.44 93 86 354 176 114 99 316 158 1
seq0_0701_2 1299583551.55 101 99 343 171 111 105 317 158 1
seq0_0702_2 1299583551.64 109 113 332 166 108 112 318 159 1
seq0_0703_2 1299583551.68 110 111 326 163 110 126 310 155 1
seq0_0704_2 1299583551.71 111 110 320 160 112 140 302 151 1
seq0_0705_2 1299583551.78 113 109 314 157 115 155 295 147 1
seq0_0706_2 1299583551.84 122 115 304 152 122 160 287 143 1
seq0_0707_2 1299583551.88 130 122 294 147 129 165 279 139 1
seq0_0708_2 1299583551.91 140 129 285 142 137 171 272 136 1
seq0_0709_2 1299583551.94 136 148 289 144 140 178 268 134 1
seq0_0710_2 1299583552.05 132 167 293 146 144 185 264 132 1
seq0_0711_2 1299583552.08 129 186 297 148 148 193 260 130 1
seq0_0712_2 1299583552.18 136 190 286 143 147 197 257 128 1
seq0_0713_2 1299583552.21 144 194 276 138 146 202 255 127 1
seq0_0714_2 1299583552.24 152 199 266 133 146 207 253 126 1
seq0_0715_2 1299583552.35 150 205 265 132 153 212 244 122 1
seq0_0716_2 1299583552.38 148 211 264 131 161 218 236 118 1
seq0_0717_2 1299583552.48 146 218 263 131 169 224 228 114 1
seq0_0718_2 1299583552.51 153 226 258 128 169 230 226 113 1
seq0_0719_2 1299583552.61 160 234 253 126 169 237 224 112 1
seq0_0720_2 1299583552.65 168 243 249 124 170 244 223 111 1
seq0_0721_2 1299583552.74 169 247 243 121 172 249 218 108 1
seq0_0722_2 1299583552.78 170 251 238 118 174 255 213 106 1
seq0_0723_2 1299583552.81 172 256 233 116 177 261 208 104 1
seq0_0724_2 1299583552.84 174 260 230 114 179 266 205 102 1
seq0_0725_2 1299583552.95 176 264 227 113 181 271 203 101 1
seq0_0726_2 1299583552.98 179 269 224 112 184 277 201 100 2
seq0_0727_2 1299583553.08 183 275 220 110 187 282 197 98 2
seq0_0728_2 1299583553.11 187 282 216 108 190 287 193 96 2
seq0_0729_2 1299583553.14 192 289 212 106 194 293 190 95 2
seq0_0730_2 1299583553.25 193 292 207 103 193 296 189 94 2
seq0_0731_2 1299583553.34 194 296 202 100 192 299 188 94 2
seq0_0732_2 1299583553.38 195 300 197 98 192 302 188 94 2
seq0_0733_2 1299583553.41 194 302 200 99 193 303 186 93 2
seq0_0734_2 1299583553.45 193 304 203 101 194 305 184 92 2
seq0_0735_2 1299583553.48 192 306 207 103 195 307 182 91 2
seq0_0736_2 1299583553.58 197 308 200 100 199 311 178 89 2
seq0_0737_2 1299583553.61 202 311 194 97 203 315 174 87 2
seq0_0738_2 1299583553.71 207 314 188 94 207 319 171 85 2
seq0_0739_2 1299583553.74 207 319 186 93 206 321 169 84 2
seq0_0740_2 1299583553.78 207 324 184 92 206 324 168 83 2
seq0_0741_2 1299583553.88 208 330 182 91 206 327 167 83 2
seq0_0742_2 1299583553.91 209 328 178 89 206 330 166 82 2
seq0_0743_2 1299583553.95 210 326 174 87 206 333 165 82 2
seq0_0744_2 1299583553.98 211 325 171 85 206 336 164 82 2
seq0_0745_2 1299583554.08 213 331 167 83 209 342 160 80 2
seq0_0746_2 1299583554.11 215 337 164 81 212 348 156 78 2
seq0_0747_2 1299583554.15 217 344 161 80 216 354 152 76 2
seq0_0748_2 1299583554.18 220 348 156 77 216 356 152 76 2
seq0_0749_2 1299583554.28 224 352 151 75 216 358 153 76 2
seq0_0750_2 1299583554.31 228 357 146 73 216 361 154 77 2
seq0_0751_2 1299583554.41 226 361 145 72 215 363 152 76 2
seq0_0752_2 1299583554.45 224 365 144 72 215 365 150 75 2
seq0_0753_2 1299583554.48 223 369 144 72 215 368 149 74 2
seq0_0754_2 1299583554.51 223 371 145 72 215 369 150 75 2
seq0_0755_2 1299583554.55 223 373 146 73 216 370 152 76 2
seq0_0756_2 1299583554.58 224 375 148 74 217 371 154 77 2
seq0_0757_2 1299583554.68 230 377 142 71 219 374 150 75 2
seq0_0758_2 1299583554.71 236 379 136 68 221 377 147 73 2
seq0_0759_2 1299583554.75 242 381 130 65 224 380 144 72 2
seq0_0760_2 1299583554.78 237 383 135 67 223 382 143 71 2
seq0_0761_2 1299583554.81 233 385 140 69 222 385 142 70 2
seq0_0762_2 1299583554.91 229 388 145 72 222 388 141 70 2
seq0_0763_2 1299583554.95 232 392 141 70 223 391 139 69 2
seq0_0764_2 1299583554.98 236 397 138 68 225 394 137 68 2
seq0_0765_2 1299583555.01 240 402 135 67 227 398 136 68 2
