# exported and interpolated by Luciano Spinello [25]
seq0_0291_2 1299583530.38 307 -26 174 87 314 10 153 76 2
seq0_0292_2 1299583530.42 310 -21 178 89 312 11 155 77 2
seq0_0293_2 1299583530.45 313 -16 182 91 310 13 157 78 2
seq0_0294_2 1299583530.49 316 -11 187 93 309 15 159 79 2
seq0_0295_2 1299583530.52 310 -15 187 93 307 16 160 79 2
seq0_0296_2 1299583530.62 305 -21 187 93 305 18 161 80 2
seq0_0297_2 1299583530.65 300 -26 188 94 303 20 163 81 2
seq0_0298_2 1299583530.68 300 -27 183 91 302 24 158 78 2
seq0_0299_2 1299583530.78 300 -28 178 88 302 30 153 76 2
seq0_0300_2 1299583530.88 300 -30 173 86 302 35 148 74 2
seq0_0301_2 1299583530.92 302 -22 172 85 299 38 149 74 2
seq0_0302_2 1299583530.95 304 -14 171 85 297 42 150 74 2
seq0_0303_2 1299583530.98 306 -6 171 85 295 46 151 75 2
seq0_0304_2 1299583531.02 298 -3 176 88 290 45 155 77 2
seq0_0305_2 1299583531.05 291 0 182 91 286 44 160 79 2
seq0_0306_2 1299583531.15 284 3 188 94 282 44 165 82 2
seq0_0307_2 1299583531.18 282 5 191 95 280 49 164 82 2
seq0_0308_2 1299583531.28 280 8 195 97 278 55 164 82 2
seq0_0309_2 1299583531.32 279 11 199 99 276 61 164 82 2
seq0_0310_2 1299583531.35 274 11 196 98 272 62 165 82 2
seq0_0311_2 1299583531.39 270 11 194 97 268 63 166 83 2
seq0_0330_2 1299583532.35 218 75 220 110 212 106 197 98 2
seq0_0331_2 1299583532.38 216 78 221 110 212 108 195 97 2
seq0_0332_2 1299583532.42 214 82 222 110 213 110 193 96 2
seq0_0333_2 1299583532.52 213 86 223 111 214 112 192 96 2
seq0_0334_2 1299583532.55 212 88 227 113 213 119 190 95 2
seq0_0335_2 1299583532.59 212 90 231 115 213 126 188 94 2
seq0_0336_2 1299583532.62 212 93 235 117 213 133 187 93 2
seq0_0337_2 1299583532.72 214 97 227 113 213 135 187 93 2
seq0_0338_2 1299583532.75 216 102 219 109 213 137 187 93 2
seq0_0339_2 1299583532.79 218 107 212 106 214 140 188 94 1
seq0_0340_2 1299583532.82 217 112 211 105 214 146 187 93 1
seq0_0341_2 1299583532.92 216 118 210 104 215 152 186 92 1
seq0_0342_2 1299583532.95 216 124 209 104 216 158 185 92 2
seq0_0343_2 1299583532.99 216 126 210 105 215 161 185 92 2
seq0_0344_2 1299583533.02 216 128 212 106 215 165 185 92 2
seq0_0357_2 1299583533.79 208 199 240 120 207 219 196 98 2
seq0_0358_2 1299583533.89 208 199 230 115 207 223 195 97 2
seq0_0359_2 1299583533.92 208 200 220 110 208 228 194 97 2
seq0_0360_2 1299583533.95 209 201 210 105 209 233 194 97 1
seq0_0361_2 1299583533.99 209 204 209 104 207 234 194 97 1
seq0_0362_2 1299583534.02 209 207 208 103 205 235 194 97 1
seq0_0363_2 1299583534.05 209 211 207 103 204 237 195 97 1
seq0_0364_2 1299583534.09 209 216 207 103 206 240 192 96 1
seq0_0365_2 1299583534.19 209 220 208 103 208 243 190 95 1
seq0_0366_2 1299583534.22 210 226 209 104 210 247 188 94 1
seq0_0367_2 1299583534.25 210 228 209 104 211 249 186 93 1
seq0_0368_2 1299583534.29 210 230 210 104 212 252 184 92 1
seq0_0369_2 1299583534.32 210 233 211 105 214 255 183 91 1
seq0_0370_2 1299583534.42 211 234 207 103 214 259 182 90 1
seq0_0371_2 1299583534.45 212 236 204 101 214 263 181 90 1
seq0_0372_2 1299583534.49 214 238 201 100 214 268 181 90 1
seq0_0373_2 1299583534.59 215 242 199 99 214 268 180 89 1
seq0_0374_2 1299583534.62 216 245 198 98 215 268 179 89 1
seq0_0375_2 1299583534.65 217 250 197 98 216 269 179 89 1
seq0_0376_2 1299583534.69 216 254 199 99 217 273 176 88 1
seq0_0377_2 1299583534.79 215 258 201 100 218 277 174 87 1
seq0_0378_2 1299583534.82 214 262 203 101 219 282 172 86 1
seq0_0379_2 1299583534.86 212 265 198 98 218 283 172 86 1
seq0_0380_2 1299583534.89 211 269 193 96 217 284 173 86 1
seq0_0381_2 1299583534.92 210 273 189 94 216 285 174 87 1
seq0_0382_2 1299583534.96 214 277 185 92 217 289 172 86 1
seq0_0383_2 1299583535.05 218 281 181 90 218 293 170 85 1
seq0_0384_2 1299583535.09 223 285 177 88 219 298 168 84 2
seq0_0385_2 1299583535.12 221 290 177 88 218 299 168 84 2
seq0_0386_2 1299583535.16 219 296 178 88 218 300 169 84 2
seq0_0387_2 1299583535.19 217 302 179 89 218 301 170 85 2
seq0_0388_2 1299583535.23 217 302 179 89 217 304 170 85 2
seq0_0389_2 1299583535.32 217 302 179 89 216 308 170 85 2
seq0_0390_2 1299583535.36 218 303 179 89 216 312 170 85 2
seq0_0391_2 1299583535.39 218 304 179 89 217 314 169 84 2
seq0_0392_2 1299583535.43 219 306 179 89 218 316 168 84 2
seq0_0393_2 1299583535.52 220 308 180 90 219 318 168 84 2
seq0_0394_2 1299583535.56 222 313 176 88 218 321 168 84 2
seq0_0395_2 1299583535.59 225 319 173 86 217 324 169 84 2
seq0_0396_2 1299583535.62 228 325 170 85 216 328 170 85 2
seq0_0397_2 1299583535.66 226 322 171 85 217 331 167 83 2
seq0_0398_2 1299583535.69 224 319 172 85 218 334 164 82 2
seq0_0399_2 1299583535.79 222 317 173 86 220 338 162 81 2
seq0_0400_2 1299583535.82 222 325 173 86 221 339 161 80 2
seq0_0401_2 1299583535.86 223 333 174 86 222 340 160 80 2
seq0_0402_2 1299583535.89 224 342 175 87 223 341 160 80 2
seq0_0403_2 1299583535.93 225 347 182 90 222 345 161 80 2
seq0_0404_2 1299583536.02 227 352 189 94 221 350 162 80 2
seq0_0405_2 1299583536.06 229 358 197 98 221 355 163 81 2
seq0_0406_2 1299583536.09 226 361 196 98 221 359 162 81 2
seq0_0407_2 1299583536.13 223 365 196 98 221 363 162 81 2
seq0_0408_2 1299583536.22 221 369 196 98 222 367 162 81 2
seq0_0409_2 1299583536.26 218 373 196 98 222 371 162 81 2
seq0_0410_2 1299583536.29 215 377 196 98 222 375 162 81 2
seq0_0411_2 1299583536.39 213 381 196 98 223 380 162 81 2
seq0_0412_2 1299583536.42 212 381 190 95 222 385 162 81 2
seq0_0413_2 1299583536.46 211 381 184 92 221 391 163 81 2
seq0_0414_2 1299583536.49 210 382 179 89 220 397 164 82 2
