# exported and interpolated by Luciano Spinello [49]
seq0_0945_0 1299583563.67 184 -20 181 90 192 -16 167 83 2
seq0_0946_0 1299583563.71 184 -15 179 89 192 -5 168 83 2
seq0_0947_0 1299583563.82 184 -11 178 88 193 5 169 84 2
seq0_0948_0 1299583563.83 185 -7 177 88 194 16 171 85 2
seq0_0949_0 1299583563.87 184 -2 184 91 194 21 169 84 2
seq0_0950_0 1299583563.91 183 3 191 95 194 26 167 83 2
seq0_0951_0 1299583563.95 183 8 199 99 195 32 166 83 1
seq0_0952_0 1299583563.98 183 9 189 94 194 36 166 83 1
seq0_0953_0 1299583564.01 184 10 179 89 193 40 166 83 1
seq0_0954_0 1299583564.05 185 11 170 85 193 45 166 83 1
seq0_0955_0 1299583564.08 190 23 167 83 196 54 161 80 1
seq0_0956_0 1299583564.19 196 34 164 81 200 63 157 78 1
seq0_0957_0 1299583564.20 202 47 161 80 204 73 153 76 2
seq0_0958_0 1299583564.23 203 56 163 81 205 80 153 76 2
seq0_0959_0 1299583564.28 204 65 165 82 206 87 154 76 2
seq0_0960_0 1299583564.39 205 74 168 84 208 94 155 77 2
seq0_0961_0 1299583564.40 203 75 170 85 210 98 152 76 2
seq0_0962_0 1299583564.43 201 76 172 86 212 102 150 75 2
seq0_0963_0 1299583564.48 200 77 174 87 214 106 148 74 2
seq0_0964_0 1299583564.58 203 82 167 83 214 113 145 72 2
seq0_0965_0 1299583564.60 207 88 161 80 214 120 142 70 2
seq0_0966_0 1299583564.64 211 94 155 77 215 128 139 69 2
seq0_0967_0 1299583564.68 212 100 152 76 215 132 140 69 2
seq0_0968_0 1299583564.71 214 106 150 75 215 136 141 70 2
seq0_0999_0 1299583566.14 222 264 146 73 231 269 127 63 1
seq0_1000_0 1299583566.18 223 266 144 72 231 272 125 62 1
seq0_1001_0 1299583566.22 225 269 142 71 231 275 124 61 1
seq0_1002_0 1299583566.25 227 272 140 70 232 278 123 61 1
seq0_1003_0 1299583566.36 226 275 141 70 232 280 124 61 1
seq0_1004_0 1299583566.37 225 278 142 71 232 283 125 62 1
seq0_1005_0 1299583566.40 224 282 144 72 232 286 126 63 1
seq0_1006_0 1299583566.52 225 283 143 71 233 287 124 62 1
seq0_1007_0 1299583566.54 227 285 142 70 233 288 122 61 1
seq0_1008_0 1299583566.57 229 287 141 70 235 290 121 60 1
seq0_1009_0 1299583566.61 226 287 142 71 235 290 121 60 1
seq0_1010_0 1299583566.72 224 287 144 72 235 290 122 60 1
seq0_1011_0 1299583566.74 222 287 146 73 236 291 123 61 1
seq0_1012_0 1299583566.77 224 289 146 73 234 289 123 61 1
seq0_1013_0 1299583566.81 226 292 146 73 234 288 124 61 1
seq0_1014_0 1299583566.85 228 295 146 73 233 287 125 62 2
seq0_1015_0 1299583566.88 227 294 146 73 233 289 125 62 2
seq0_1016_0 1299583566.92 226 293 146 73 233 291 125 62 2
seq0_1017_0 1299583567.02 225 292 147 73 233 293 125 62 1
seq0_1018_0 1299583567.04 224 293 147 73 233 294 123 61 1
seq0_1019_0 1299583567.07 224 294 148 73 235 295 122 60 1
seq0_1020_0 1299583567.12 224 296 149 74 236 296 121 60 2
seq0_1021_0 1299583567.15 225 296 147 73 235 294 123 61 2
seq0_1022_0 1299583567.19 226 296 145 72 233 292 125 62 2
seq0_1023_0 1299583567.22 227 297 143 71 233 291 128 64 2
seq0_1024_0 1299583567.33 227 297 143 71 233 293 125 62 2
seq0_1025_0 1299583567.34 228 298 143 71 233 296 123 61 2
seq0_1026_0 1299583567.37 229 299 143 71 234 299 121 60 2
seq0_1027_0 1299583567.49 227 299 142 70 234 300 120 59 2
seq0_1028_0 1299583567.51 226 299 141 70 235 302 119 59 2
seq0_1029_0 1299583567.54 225 300 140 70 236 304 119 59 1
seq0_1030_0 1299583567.58 226 303 140 70 234 305 120 60 1
seq0_1031_0 1299583567.62 227 306 140 70 234 307 122 61 1
seq0_1032_0 1299583567.73 228 310 140 70 233 309 124 62 2
seq0_1033_0 1299583567.74 229 311 139 69 235 311 122 61 2
seq0_1034_0 1299583567.77 231 312 138 69 237 313 120 60 2
seq0_1035_0 1299583567.82 233 313 138 69 239 316 118 59 2
seq0_1036_0 1299583567.85 233 314 135 67 237 315 119 59 2
seq0_1037_0 1299583567.89 233 316 132 65 235 315 121 60 2
seq0_1038_0 1299583567.99 233 318 129 64 234 315 123 61 2
seq0_1039_0 1299583568.01 234 320 128 64 235 317 121 60 2
seq0_1040_0 1299583568.04 236 322 128 64 237 319 119 59 2
seq0_1041_0 1299583568.08 238 325 128 64 239 321 117 58 2
seq0_1042_0 1299583568.19 238 325 128 64 238 322 117 58 2
seq0_1043_0 1299583568.21 238 325 128 64 238 323 118 58 2
seq0_1044_0 1299583568.24 239 325 129 64 238 324 119 59 2
seq0_1045_0 1299583568.28 238 325 127 63 238 324 117 58 2
seq0_1046_0 1299583568.32 239 326 126 62 239 324 116 57 2
seq0_1047_0 1299583568.35 239 327 125 62 240 324 115 57 2
seq0_1048_0 1299583568.39 237 326 127 63 240 324 114 56 2
seq0_1049_0 1299583568.42 235 325 129 64 239 324 113 56 2
seq0_1050_0 1299583568.45 233 325 131 65 240 324 113 56 2
seq0_1051_0 1299583568.49 235 324 127 63 240 323 113 56 2
seq0_1052_0 1299583568.54 238 324 124 61 239 322 113 56 2
seq0_1053_0 1299583568.62 241 324 121 60 240 321 114 57 2
seq0_1054_0 1299583568.73 241 323 122 60 242 321 112 56 2
seq0_1055_0 1299583568.74 242 322 123 61 244 321 110 55 2
seq0_1056_0 1299583568.77 243 322 125 62 247 322 108 54 2
seq0_1057_0 1299583568.82 242 322 128 63 246 320 108 54 2
seq0_1058_0 1299583568.85 241 322 131 65 246 319 108 54 2
seq0_1059_0 1299583568.89 240 322 134 67 246 318 109 54 2
seq0_1060_0 1299583568.96 242 323 131 65 244 317 111 55 2
seq0_1061_0 1299583569.01 244 324 128 63 243 316 113 56 2
seq0_1062_0 1299583569.05 246 326 125 62 242 315 116 58 2
seq0_1063_0 1299583569.09 247 325 121 60 241 314 113 56 2
seq0_1064_0 1299583569.12 247 325 117 58 242 313 111 55 2
seq0_1065_0 1299583569.22 249 325 114 57 242 313 109 54 2
seq0_1066_0 1299583569.24 249 325 115 57 243 312 107 53 2
seq0_1067_0 1299583569.27 250 325 116 57 246 312 106 52 2
seq0_1068_0 1299583569.32 251 325 117 58 248 312 105 52 2
seq0_1069_0 1299583569.35 250 325 116 57 247 312 105 52 2
seq0_1070_0 1299583569.39 250 325 115 57 247 312 105 52 2
seq0_1071_0 1299583569.42 250 326 115 57 247 313 106 53 2
seq0_1072_0 1299583569.53 251 325 110 54 247 310 104 52 2
seq0_1073_0 1299583569.54 252 325 105 52 248 307 102 51 2
seq0_1074_0 1299583569.57 254 325 100 50 249 305 100 50 2
seq0_1075_0 1299583569.62 253 325 102 51 248 304 100 50 2
seq0_1076_0 1299583569.73 252 325 105 52 248 304 100 50 2
seq0_1077_0 1299583569.74 252 325 108 54 248 304 100 50 2
