# exported and interpolated by Luciano Spinello [46]
seq0_0831_0 1299583558.27 216 35 128 64 232 55 115 57 2
seq0_0832_0 1299583558.30 217 38 127 63 233 57 114 56 2
seq0_0833_0 1299583558.34 217 41 126 63 234 59 113 56 2
seq0_0834_0 1299583558.38 219 44 126 63 236 62 112 56 2
seq0_0835_0 1299583558.48 214 47 131 65 235 67 113 56 2
seq0_0836_0 1299583558.50 210 50 136 68 233 73 114 57 2
seq0_0837_0 1299583558.53 206 54 142 71 233 79 116 58 2
seq0_0838_0 1299583558.57 216 57 132 66 233 82 115 57 2
seq0_0839_0 1299583558.68 226 60 123 61 233 85 114 56 2
seq0_0840_0 1299583558.70 236 64 114 57 234 89 113 56 2
seq0_0841_0 1299583558.73 235 67 116 58 233 92 114 56 2
seq0_0842_0 1299583558.84 235 71 118 59 231 96 115 57 2
seq0_0843_0 1299583558.87 235 75 120 60 231 100 117 58 2
seq0_0844_0 1299583558.90 234 76 120 60 232 103 116 58 2
seq0_0845_0 1299583559.01 233 77 120 60 233 106 116 58 2
seq0_0846_0 1299583559.03 233 78 121 60 235 109 116 58 2
seq0_0847_0 1299583559.06 235 83 119 59 234 110 116 58 2
seq0_0848_0 1299583559.10 236 88 117 58 234 111 116 58 2
seq0_0849_0 1299583559.14 239 94 116 58 234 112 116 58 2
seq0_0850_0 1299583559.25 237 94 114 57 233 113 117 58 2
seq0_0851_0 1299583559.26 236 94 112 56 232 113 118 59 2
seq0_0852_0 1299583559.38 235 94 111 55 232 115 120 60 2
seq0_0853_0 1299583559.40 234 94 113 56 231 116 119 59 2
seq0_0854_0 1299583559.51 233 94 115 57 230 118 119 59 2
seq0_0855_0 1299583559.53 233 94 117 58 230 120 119 59 2
seq0_0856_0 1299583559.57 232 93 122 60 230 121 117 58 2
seq0_0857_0 1299583559.61 231 93 127 63 231 122 116 57 2
seq0_0858_0 1299583559.64 231 93 132 66 232 124 115 57 2
seq0_0859_0 1299583559.68 232 94 124 62 231 123 116 58 2
seq0_0860_0 1299583559.78 232 95 116 58 230 123 118 59 2
seq0_0861_0 1299583559.80 234 96 109 54 230 123 120 60 2
seq0_0862_0 1299583559.83 232 96 113 56 231 124 118 59 2
seq0_0863_0 1299583559.95 229 97 117 58 233 125 116 58 2
seq0_0864_0 1299583559.96 228 98 122 61 235 126 115 57 2
seq0_0865_0 1299583560.00 228 98 124 62 235 125 115 57 2
seq0_0866_0 1299583560.11 228 98 126 63 235 126 115 57 2
seq0_0867_0 1299583560.13 229 99 128 64 236 126 116 58 2
seq0_0868_0 1299583560.25 227 97 130 65 236 126 114 57 2
seq0_0869_0 1299583560.27 226 96 132 66 237 126 113 56 2
seq0_0870_0 1299583560.30 225 95 134 67 238 127 112 56 2
seq0_0871_0 1299583560.34 226 96 129 64 237 126 113 56 2
seq0_0872_0 1299583560.38 226 98 124 62 236 127 114 56 2
seq0_0873_0 1299583560.41 228 100 120 60 236 127 115 57 2
seq0_0874_0 1299583560.44 228 99 122 61 234 125 115 57 2
seq0_0875_0 1299583560.48 228 98 125 62 233 124 116 57 2
seq0_0876_0 1299583560.51 229 98 128 64 232 123 117 58 2
seq0_0877_0 1299583560.62 227 99 126 63 233 122 116 57 2
seq0_0878_0 1299583560.63 225 102 125 62 234 122 115 57 2
seq0_0879_0 1299583560.66 224 104 124 62 236 122 114 57 2
seq0_0880_0 1299583560.71 225 104 121 60 236 123 114 57 2
seq0_0881_0 1299583560.74 227 105 118 59 235 124 114 57 2
seq0_0882_0 1299583560.85 229 106 116 58 236 126 115 57 2
seq0_0883_0 1299583560.87 226 104 122 61 235 124 115 57 2
seq0_0884_0 1299583560.90 224 102 128 64 233 124 115 57 2
seq0_0885_0 1299583560.94 222 101 134 67 233 123 116 58 2
seq0_0886_0 1299583560.98 223 100 131 65 234 123 115 57 2
seq0_0887_0 1299583561.01 225 99 129 64 234 122 114 57 2
seq0_0888_0 1299583561.11 227 99 127 63 236 123 114 57 2
seq0_0889_0 1299583561.13 228 97 123 61 235 122 115 57 2
seq0_0890_0 1299583561.17 230 95 119 59 233 121 116 58 2
seq0_0891_0 1299583561.21 232 94 116 58 233 121 118 59 2
seq0_0892_0 1299583561.32 232 94 115 57 232 120 117 58 2
seq0_0893_0 1299583561.33 234 95 115 57 232 118 117 58 2
seq0_0894_0 1299583561.37 235 96 115 57 232 118 117 58 1
seq0_0895_0 1299583561.41 233 95 115 57 232 117 116 58 1
seq0_0896_0 1299583561.45 233 94 116 57 232 116 116 58 1
seq0_0897_0 1299583561.48 232 93 117 58 233 115 116 58 2
seq0_0898_0 1299583561.51 229 91 120 59 234 113 114 57 2
seq0_0899_0 1299583561.62 226 89 123 61 234 112 112 56 2
seq0_0900_0 1299583561.63 224 88 127 63 236 111 111 55 2
seq0_0901_0 1299583561.67 226 84 126 62 235 106 112 55 2
seq0_0902_0 1299583561.78 228 80 125 62 234 102 113 56 2
seq0_0903_0 1299583561.80 230 76 124 62 234 98 114 57 2
seq0_0904_0 1299583561.83 229 73 121 60 232 97 115 57 2
seq0_0905_0 1299583561.87 229 70 118 59 232 96 117 58 2
seq0_0906_0 1299583561.91 229 68 116 58 231 95 119 59 2
seq0_0907_0 1299583561.94 230 65 114 57 230 90 118 59 2
seq0_0908_0 1299583562.05 232 62 112 56 231 86 118 59 2
seq0_0909_0 1299583562.07 234 60 111 55 231 82 118 59 2
