# exported and interpolated by Luciano Spinello [36]
seq0_0456_2 1299583538.69 316 -12 169 84 293 10 159 79 2
seq0_0457_2 1299583538.73 314 -13 168 83 293 13 159 79 2
seq0_0458_2 1299583538.76 312 -15 167 83 293 17 159 79 2
seq0_0459_2 1299583538.79 310 -17 167 83 294 21 159 79 2
seq0_0460_2 1299583538.89 308 -15 168 83 290 23 158 79 2
seq0_0461_2 1299583538.93 307 -12 169 84 286 25 158 79 2
seq0_0462_2 1299583538.96 306 -11 170 85 282 28 158 79 2
seq0_0463_2 1299583539.00 298 -10 176 88 284 30 155 77 2
seq0_0464_2 1299583539.09 290 -9 182 91 287 34 152 76 2
seq0_0465_2 1299583539.13 283 -9 189 94 290 37 150 75 2
seq0_0466_2 1299583539.16 284 -5 186 92 288 37 151 75 2
seq0_0467_2 1299583539.20 285 -1 183 91 286 37 152 75 2
seq0_0468_2 1299583539.29 287 2 180 90 284 38 153 76 2
seq0_0469_2 1299583539.33 289 6 172 86 284 41 150 75 2
seq0_0470_2 1299583539.36 291 10 164 82 284 44 148 74 2
seq0_0504_2 1299583541.16 213 64 208 104 194 91 206 103 2
seq0_0505_2 1299583541.19 209 62 215 107 196 89 204 102 2
seq0_0506_2 1299583541.23 205 62 222 111 198 88 202 101 2
seq0_0507_2 1299583541.26 202 61 230 115 201 87 201 100 2
seq0_0508_2 1299583541.30 200 62 226 113 197 85 204 101 2
seq0_0509_2 1299583541.40 198 62 223 111 193 84 207 103 2
seq0_0510_2 1299583541.43 197 64 220 110 190 83 210 105 2
seq0_0511_2 1299583541.46 195 58 223 111 189 83 210 105 2
seq0_0512_2 1299583541.50 193 52 226 113 189 84 210 105 2
seq0_0513_2 1299583541.60 191 47 230 115 189 85 211 105 2
seq0_0514_2 1299583541.63 190 49 231 115 185 83 216 107 2
seq0_0515_2 1299583541.73 190 50 232 115 181 81 221 110 2
seq0_0516_2 1299583541.76 190 53 233 116 178 79 227 113 1
seq0_0517_2 1299583541.86 187 52 237 118 177 73 230 115 1
seq0_0518_2 1299583541.90 184 52 241 120 177 68 234 117 1
seq0_0519_2 1299583541.93 181 52 246 123 177 63 238 119 1
seq0_0520_2 1299583542.03 178 41 250 125 173 59 242 121 1
seq0_0521_2 1299583542.06 175 30 254 127 169 55 246 123 1
seq0_0522_2 1299583542.10 173 20 259 129 165 52 251 125 1
seq0_0523_2 1299583542.20 167 23 265 132 160 47 255 127 1
seq0_0524_2 1299583542.23 162 26 272 135 155 42 260 129 1
seq0_0525_2 1299583542.26 157 30 279 139 150 37 265 132 1
seq0_0526_2 1299583542.30 156 20 283 141 151 35 266 132 1
seq0_0527_2 1299583542.40 156 10 287 143 152 33 267 133 1
seq0_0528_2 1299583542.43 156 0 291 145 154 31 269 134 1
seq0_0529_2 1299583542.53 152 0 293 146 150 22 272 136 1
seq0_0530_2 1299583542.56 147 -1 295 147 147 14 276 138 1
seq0_0531_2 1299583542.60 144 -2 298 149 144 6 280 140 2
seq0_0532_2 1299583542.70 137 -6 306 153 138 0 286 143 2
seq0_0533_2 1299583542.73 130 -11 314 157 133 -6 292 146 2
seq0_0534_2 1299583542.76 124 -16 323 161 128 -12 298 149 2
seq0_0535_2 1299583542.80 120 -30 329 164 124 -13 303 151 2
seq0_0536_2 1299583542.90 116 -44 336 167 121 -15 308 154 2
seq0_0537_2 1299583542.93 113 -58 343 171 118 -17 314 157 2
seq0_0538_2 1299583542.97 115 -61 346 172 117 -24 320 160 2
seq0_0539_2 1299583543.07 118 -64 349 174 116 -31 326 163 2
seq0_0540_2 1299583543.10 121 -67 352 176 115 -38 332 166 2
seq0_0541_2 1299583543.13 117 -62 358 179 112 -45 336 168 2
seq0_0542_2 1299583543.16 112 -58 364 182 109 -53 340 170 2
seq0_0549_1 1299583543.44 62 422 400 200 68 381 370 185 2
seq0_0550_1 1299583543.47 58 412 405 202 68 376 371 185 2
seq0_0551_1 1299583543.52 54 402 410 205 69 371 372 185 2
seq0_0552_1 1299583543.56 51 393 416 208 70 366 373 186 2
seq0_0553_1 1299583543.59 33 375 436 218 63 358 381 190 2
seq0_0554_1 1299583543.66 16 357 457 228 56 350 389 194 2
seq0_0555_1 1299583543.70 -1 339 478 239 49 343 398 199 2
seq0_0556_1 1299583543.71 13 324 463 231 49 333 396 198 2
seq0_0557_1 1299583543.79 27 309 448 224 49 323 395 197 2
seq0_0558_1 1299583543.82 41 295 434 217 49 314 394 197 2
seq0_0559_1 1299583543.86 29 288 447 223 42 301 403 201 2
seq0_0560_1 1299583543.96 17 282 460 229 35 289 413 206 2
seq0_0561_1 1299583543.97 6 276 473 236 28 277 423 211 2
seq0_0562_1 1299583544.00 4 282 476 237 29 270 423 211 2
seq0_0563_1 1299583544.05 3 288 479 239 30 263 424 211 2
seq0_0564_1 1299583544.09 2 294 483 241 32 256 425 212 2
seq0_0565_1 1299583544.12 1 283 485 242 37 249 422 210 2
seq0_0566_1 1299583544.16 0 273 487 243 42 242 419 209 2
seq0_0567_1 1299583544.21 0 263 490 245 47 235 416 208 2
seq0_0568_1 1299583544.29 10 219 482 241 37 211 421 210 2
seq0_0569_1 1299583544.39 20 175 475 237 28 187 427 213 2
seq0_0570_1 1299583544.41 30 132 468 234 19 163 433 216 2
seq0_0571_1 1299583544.53 20 137 477 238 18 147 437 218 2
seq0_0572_1 1299583544.54 11 143 486 242 18 131 441 220 2
seq0_0582_1 1299583545.07 1 2 509 254 6 -19 464 232 2
seq0_0583_1 1299583545.12 2 -10 514 256 5 -46 472 236 2
seq0_0584_1 1299583545.24 3 -21 519 259 5 -74 480 240 2
seq0_0588_0 1299583545.43 -26 357 545 272 -29 296 524 262 2
seq0_0589_0 1299583545.45 -25 328 537 268 -20 280 508 254 2
seq0_0590_0 1299583545.48 -24 299 529 264 -11 264 492 246 2
seq0_0591_0 1299583545.60 -24 270 522 261 -2 248 476 238 2
seq0_0592_0 1299583545.61 -16 265 513 256 6 232 467 233 2
seq0_0593_0 1299583545.65 -8 261 505 252 15 216 458 229 2
seq0_0594_0 1299583545.76 -1 257 497 248 24 201 450 225 1
seq0_0595_0 1299583545.78 -3 236 499 249 21 185 455 227 1
seq0_0596_0 1299583545.89 -6 216 501 250 18 170 460 229 1
seq0_0597_0 1299583545.91 -9 196 503 251 15 155 465 232 1
seq0_0598_0 1299583546.03 -1 173 489 244 18 142 456 227 1
seq0_0599_0 1299583546.05 5 150 475 237 21 129 447 223 1
seq0_0600_0 1299583546.08 13 127 461 230 25 117 439 219 2
seq0_0601_0 1299583546.12 16 123 457 228 25 108 436 218 2
seq0_0602_0 1299583546.16 19 120 454 226 25 99 434 217 2
seq0_0603_0 1299583546.20 22 117 451 225 26 90 432 216 2
seq0_0604_0 1299583546.30 30 107 442 220 34 76 425 212 2
seq0_0605_0 1299583546.32 38 96 433 216 42 63 418 208 2
seq0_0606_0 1299583546.35 46 87 425 212 50 50 411 205 1
seq0_0607_0 1299583546.39 43 77 429 214 47 45 415 207 1
seq0_0608_0 1299583546.43 39 67 433 216 44 40 419 209 1
seq0_0609_0 1299583546.46 37 58 438 219 42 36 423 211 1
seq0_0610_0 1299583546.49 38 41 432 216 42 28 418 209 1
seq0_0611_0 1299583546.53 40 26 427 213 42 21 414 207 1
seq0_0612_0 1299583546.64 42 10 422 211 42 14 410 205 1
seq0_0613_0 1299583546.65 43 1 418 209 43 7 407 203 1
seq0_0614_0 1299583546.68 44 -8 415 207 44 0 404 201 1
seq0_0615_0 1299583546.72 46 -17 412 206 46 -7 401 200 1
seq0_0616_0 1299583546.76 48 -28 409 204 52 -22 395 197 1
seq0_0617_0 1299583546.86 51 -40 406 203 58 -36 389 194 1
seq0_0618_0 1299583546.88 54 -52 404 202 65 -52 384 192 2
seq0_0619_0 1299583546.91 55 -59 390 195 64 -62 382 191 2
seq0_0620_0 1299583547.03 56 -66 376 188 65 -72 381 190 2
seq0_0621_0 1299583547.05 58 -73 362 181 65 -83 380 190 2
