# exported and interpolated by Luciano Spinello [3]
seq0_0000_0 1299583515.24 75 187 383 191 88 177 353 176 1
seq0_0001_0 1299583515.29 76 175 382 191 88 165 353 176 1
seq0_0002_0 1299583515.39 77 163 382 191 89 153 353 176 1
seq0_0003_0 1299583515.41 79 151 382 191 90 142 353 176 1
seq0_0004_0 1299583515.45 79 130 378 189 90 128 350 174 1
seq0_0005_0 1299583515.49 79 109 374 187 90 115 347 173 1
seq0_0006_0 1299583515.60 79 89 370 185 91 102 345 172 1
seq0_0007_0 1299583515.61 80 83 368 184 91 96 342 170 1
seq0_0008_0 1299583515.65 80 77 366 183 91 90 339 169 1
seq0_0009_0 1299583515.69 82 72 365 182 92 85 337 168 1
seq0_0010_0 1299583515.72 79 69 365 182 89 80 338 169 1
seq0_0011_0 1299583515.76 78 66 366 182 88 75 340 170 1
seq0_0012_0 1299583515.79 76 64 367 183 86 70 342 171 1
seq0_0013_0 1299583515.96 79 41 365 182 87 46 341 170 1
seq0_0014_0 1299583515.98 82 19 363 181 89 24 340 169 1
seq0_0015_0 1299583516.09 86 -3 361 180 91 1 339 169 1
seq0_0016_0 1299583516.11 89 -11 353 176 93 -6 334 166 1
seq0_0017_0 1299583516.15 92 -19 345 172 96 -13 329 164 1
seq0_0018_0 1299583516.26 96 -28 338 169 99 -20 325 162 2
seq0_0019_0 1299583516.28 100 -52 342 171 99 -30 324 161 2
seq0_0020_0 1299583516.40 105 -76 346 173 100 -42 323 161 2
seq0_0021_0 1299583516.41 110 -101 350 175 101 -53 322 161 2
