# exported and interpolated by Luciano Spinello [45]
seq0_0741_0 1299583553.81 12 -36 422 211 40 -65 384 192 2
seq0_0742_0 1299583553.82 10 -31 428 214 39 -59 386 193 2
seq0_0743_0 1299583553.86 8 -26 434 217 38 -53 388 194 2
seq0_0744_0 1299583553.90 7 -21 440 220 38 -48 390 195 2
seq0_0745_0 1299583554.01 10 -18 438 219 39 -35 390 195 2
seq0_0746_0 1299583554.02 13 -15 437 218 40 -23 390 195 2
seq0_0747_0 1299583554.06 16 -12 436 218 41 -11 391 195 2
seq0_0748_0 1299583554.10 11 -9 440 220 34 4 396 198 2
seq0_0749_0 1299583554.21 6 -6 444 222 27 19 402 201 2
seq0_0750_0 1299583554.22 2 -4 449 224 21 35 408 204 1
seq0_0751_0 1299583554.34 1 7 455 227 18 48 416 208 1
seq0_0752_0 1299583554.36 0 19 462 230 15 62 424 212 1
seq0_0753_0 1299583554.39 0 31 469 234 13 76 432 216 1
seq0_0754_0 1299583554.43 -3 41 474 236 13 83 432 216 1
seq0_0755_0 1299583554.47 -7 50 479 239 13 92 433 216 1
seq0_0756_0 1299583554.50 -11 61 485 242 14 100 434 217 1
seq0_0757_0 1299583554.61 -10 79 484 242 4 117 444 222 1
seq0_0758_0 1299583554.62 -9 97 484 242 -5 134 454 227 1
seq0_0759_0 1299583554.66 -9 115 484 242 -15 152 465 232 2
seq0_0760_0 1299583554.70 -9 137 491 245 -21 168 476 238 2
seq0_0761_0 1299583554.74 -10 159 498 248 -27 184 488 244 2
seq0_0762_0 1299583554.84 -11 182 505 252 -34 201 500 250 2
seq0_0763_0 1299583554.86 -10 194 509 254 -29 216 499 249 2
seq0_0764_0 1299583554.89 -10 206 513 256 -24 231 498 249 2
seq0_0765_0 1299583554.93 -10 219 517 258 -19 247 498 249 2
seq0_0766_0 1299583554.97 -7 236 514 256 -25 257 507 253 2
seq0_0767_0 1299583555.01 -4 253 511 255 -31 268 516 257 2
seq0_0771_1 1299583555.25 -18 -60 528 264 -44 -82 506 253 2
seq0_0772_1 1299583555.29 -19 -39 528 264 -37 -57 502 251 2
seq0_0773_1 1299583555.41 -21 -19 528 264 -31 -32 498 249 2
seq0_0774_1 1299583555.42 -23 1 528 264 -25 -7 494 247 2
seq0_0775_1 1299583555.45 -27 27 529 264 -31 14 497 248 2
seq0_0776_1 1299583555.57 -32 54 531 265 -37 36 501 250 2
seq0_0777_1 1299583555.59 -37 81 533 266 -44 58 505 252 2
seq0_0778_1 1299583555.62 -27 84 517 258 -39 80 496 247 2
seq0_0779_1 1299583555.67 -17 87 501 250 -34 102 487 243 2
seq0_0780_1 1299583555.77 -8 90 486 243 -30 125 478 239 1
seq0_0781_1 1299583555.79 -8 110 485 242 -23 139 471 235 1
seq0_0782_1 1299583555.82 -8 130 485 242 -17 153 465 232 1
seq0_0783_1 1299583555.87 -8 150 485 242 -11 168 459 229 1
seq0_0784_1 1299583555.98 -7 186 483 241 -9 186 457 228 1
seq0_0785_1 1299583555.99 -6 223 481 240 -7 204 455 227 1
seq0_0786_1 1299583556.02 -6 260 479 239 -6 222 453 226 1
seq0_0787_1 1299583556.07 -5 257 471 235 -6 237 447 223 1
seq0_0788_1 1299583556.18 -4 255 463 231 -7 253 442 220 1
seq0_0789_1 1299583556.19 -3 253 455 227 -8 269 437 218 1
seq0_0790_1 1299583556.31 1 276 450 224 3 284 425 212 1
seq0_0791_1 1299583556.32 5 299 445 222 15 299 413 206 1
seq0_0792_1 1299583556.35 9 323 441 220 27 314 402 201 2
seq0_0793_1 1299583556.48 17 339 433 216 33 325 395 197 2
seq0_0794_1 1299583556.49 25 355 425 212 39 336 388 194 2
seq0_0795_1 1299583556.52 34 372 417 208 46 348 382 191 2
seq0_0796_1 1299583556.57 32 384 413 206 48 360 376 188 2
seq0_0797_1 1299583556.68 30 397 409 204 50 372 370 185 2
seq0_0804_2 1299583557.05 112 -34 310 155 159 -39 274 137 2
seq0_0805_2 1299583557.08 114 -30 306 153 143 -35 285 142 2
seq0_0806_2 1299583557.11 116 -27 302 151 128 -31 296 147 2
seq0_0807_2 1299583557.15 119 -24 298 149 113 -28 307 153 2
seq0_0808_2 1299583557.25 122 -20 294 147 116 -22 301 150 2
seq0_0809_2 1299583557.28 124 -17 290 145 120 -16 295 147 2
seq0_0810_2 1299583557.31 128 -14 287 143 124 -11 290 145 2
seq0_0811_2 1299583557.35 130 -11 287 143 133 -4 282 141 2
seq0_0812_2 1299583557.38 133 -8 288 143 141 2 274 137 2
seq0_0813_2 1299583557.48 136 -6 289 144 151 9 267 133 2
seq0_0814_2 1299583557.52 141 0 282 141 153 14 262 130 2
seq0_0815_2 1299583557.55 147 7 276 138 155 20 257 128 2
seq0_0816_2 1299583557.65 153 14 270 135 157 26 252 126 1
seq0_0817_2 1299583557.68 154 17 263 131 158 29 248 124 1
seq0_0818_2 1299583557.72 156 21 256 127 159 33 244 122 1
seq0_0819_2 1299583557.75 158 25 249 124 160 37 240 120 2
seq0_0820_2 1299583557.85 160 29 246 122 164 43 236 118 2
seq0_0821_2 1299583557.88 162 33 243 121 168 50 232 116 2
seq0_0822_2 1299583557.92 164 38 241 120 172 57 228 114 2
seq0_0823_2 1299583558.02 170 45 238 118 177 59 223 111 2
seq0_0824_2 1299583558.05 176 52 235 117 182 60 218 108 2
seq0_0825_2 1299583558.08 183 60 233 116 187 63 213 106 2
seq0_0826_2 1299583558.11 179 56 233 116 190 66 210 104 2
seq0_0827_2 1299583558.15 176 53 233 116 193 69 207 103 2
seq0_0828_2 1299583558.18 173 50 233 116 196 72 205 102 2
seq0_0829_2 1299583558.28 179 54 226 112 197 74 200 99 2
seq0_0830_2 1299583558.32 185 60 219 109 199 76 195 97 2
seq0_0831_2 1299583558.35 191 65 213 106 201 79 191 95 1
seq0_0832_2 1299583558.38 196 62 202 101 200 78 190 95 1
seq0_0833_2 1299583558.42 202 59 192 96 199 77 190 95 1
seq0_0834_2 1299583558.45 208 57 182 91 198 77 190 95 2
seq0_0835_2 1299583558.55 207 59 184 92 200 79 187 93 2
seq0_0836_2 1299583558.58 207 62 186 93 203 81 184 92 2
seq0_0837_2 1299583558.62 207 65 188 94 206 84 182 91 2
seq0_0838_2 1299583558.65 208 63 185 92 205 85 182 91 2
seq0_0839_2 1299583558.75 209 62 182 90 204 86 182 91 2
seq0_0840_2 1299583558.78 211 61 179 89 204 87 183 91 2
seq0_0841_2 1299583558.82 216 61 174 86 206 88 178 89 2
seq0_0842_2 1299583558.92 222 63 169 84 208 89 174 87 2
seq0_0843_2 1299583558.95 228 64 164 82 211 91 170 85 2
seq0_0844_2 1299583558.99 225 65 165 82 212 89 168 84 2
seq0_0845_2 1299583559.08 222 66 167 83 214 88 167 83 2
seq0_0846_2 1299583559.12 219 67 169 84 216 87 166 83 2
seq0_0847_2 1299583559.15 221 67 165 82 216 87 165 82 2
seq0_0848_2 1299583559.18 223 67 161 80 216 87 164 82 2
seq0_0849_2 1299583559.22 225 67 157 78 217 87 164 82 2
seq0_0850_2 1299583559.32 223 62 164 81 218 83 163 81 2
seq0_0851_2 1299583559.35 221 58 171 85 219 79 162 80 2
seq0_0852_2 1299583559.45 219 54 179 89 221 76 161 80 2
seq0_0853_2 1299583559.48 227 53 171 85 229 76 158 78 2
seq0_0854_2 1299583559.58 235 52 163 81 237 76 155 77 2
seq0_0855_2 1299583559.62 244 52 155 77 245 77 152 76 2
seq0_0856_2 1299583559.65 239 52 161 80 244 77 153 76 2
seq0_0857_2 1299583559.69 235 53 167 83 244 77 154 77 2
seq0_0858_2 1299583559.72 231 54 174 87 244 77 156 78 2
seq0_0859_2 1299583559.75 234 52 174 87 246 76 154 77 2
seq0_0860_2 1299583559.85 238 50 174 87 248 76 153 76 2
seq0_0861_2 1299583559.88 242 49 174 87 250 75 151 75 2
seq0_0862_2 1299583559.92 246 47 174 87 252 75 150 74 2
seq0_0863_2 1299583560.02 250 45 174 87 254 74 148 73 2
seq0_0864_2 1299583560.05 254 44 175 87 257 74 147 73 2
seq0_0865_2 1299583560.09 250 40 177 88 259 73 146 73 2
seq0_0866_2 1299583560.18 246 35 180 89 261 72 146 73 2
seq0_0867_2 1299583560.22 243 32 183 91 263 71 146 73 2
seq0_0868_2 1299583560.32 244 30 178 88 262 69 147 73 2
seq0_0869_2 1299583560.35 245 28 173 86 261 67 148 73 2
seq0_0870_2 1299583560.39 247 27 168 84 260 65 149 74 2
seq0_0871_2 1299583560.42 250 27 170 85 261 64 149 74 2
seq0_0872_2 1299583560.45 253 27 172 86 263 62 149 74 2
seq0_0873_2 1299583560.48 257 28 174 87 265 62 150 75 2
seq0_0874_2 1299583560.52 271 28 162 81 267 61 149 74 2
seq0_0875_2 1299583560.55 285 29 150 75 270 60 148 73 2
seq0_0876_2 1299583560.59 299 30 138 69 273 60 147 73 2
