# exported and interpolated by Luciano Spinello [23]
seq0_0285_2 1299583530.05 212 241 185 92 230 232 153 76 2
seq0_0286_2 1299583530.09 203 236 194 97 229 231 153 76 2
seq0_0287_2 1299583530.18 195 231 204 102 229 230 153 76 2
seq0_0288_2 1299583530.22 187 226 214 107 229 230 154 77 2
seq0_0289_2 1299583530.25 185 223 216 108 226 230 156 78 2
seq0_0290_2 1299583530.28 183 220 219 109 224 230 158 79 2
seq0_0291_2 1299583530.38 181 218 222 111 221 230 161 80 2
seq0_0292_2 1299583530.42 179 215 225 112 219 230 163 81 2
seq0_0293_2 1299583530.45 177 212 228 113 216 230 165 82 2
seq0_0294_2 1299583530.49 175 210 231 115 214 231 168 84 2
seq0_0295_2 1299583530.52 187 213 223 111 213 230 170 85 2
seq0_0296_2 1299583530.62 199 216 215 107 212 229 173 86 2
seq0_0297_2 1299583530.65 212 219 207 103 212 229 176 88 2
seq0_0298_2 1299583530.68 213 221 205 102 210 229 177 88 2
seq0_0299_2 1299583530.78 214 224 203 101 208 230 178 88 2
seq0_0300_2 1299583530.88 216 227 201 100 206 231 179 89 2
seq0_0301_2 1299583530.92 210 222 206 102 202 230 183 91 2
seq0_0302_2 1299583530.95 204 219 211 105 198 228 188 93 2
seq0_0303_2 1299583530.98 198 215 216 108 195 228 193 96 1
seq0_0304_2 1299583531.02 199 213 215 107 196 230 193 96 1
seq0_0305_2 1299583531.05 200 213 214 107 198 232 193 96 1
seq0_0306_2 1299583531.15 201 212 214 107 200 234 193 96 1
seq0_0307_2 1299583531.18 199 210 217 108 196 233 196 98 1
seq0_0308_2 1299583531.28 197 207 220 109 193 232 200 100 1
seq0_0309_2 1299583531.32 195 206 223 111 190 232 204 102 1
seq0_0310_2 1299583531.35 192 204 228 113 188 230 205 102 1
seq0_0311_2 1299583531.39 190 204 233 116 186 228 207 103 1
seq0_0312_2 1299583531.49 188 203 239 119 185 227 209 104 1
seq0_0313_2 1299583531.52 183 203 240 119 184 225 211 105 1
seq0_0314_2 1299583531.55 178 205 241 120 183 223 213 106 1
seq0_0315_2 1299583531.65 173 206 242 121 183 222 216 108 1
seq0_0316_2 1299583531.68 174 204 243 121 182 221 217 108 1
seq0_0317_2 1299583531.72 175 202 245 122 182 220 218 108 1
seq0_0318_2 1299583531.75 176 201 247 123 182 220 219 109 1
seq0_0319_2 1299583531.79 176 202 248 123 179 219 222 110 1
seq0_0320_2 1299583531.82 176 204 249 124 176 220 225 112 1
seq0_0321_2 1299583531.92 177 206 251 125 174 220 228 114 1
seq0_0322_2 1299583531.95 173 207 254 126 172 219 230 115 1
seq0_0323_2 1299583531.98 169 208 257 128 170 218 232 116 1
seq0_0324_2 1299583532.02 166 210 261 130 168 217 235 117 1
seq0_0325_2 1299583532.12 156 209 275 137 162 217 241 120 1
seq0_0326_2 1299583532.15 145 208 289 144 157 217 247 123 1
seq0_0327_2 1299583532.19 136 208 304 152 152 218 253 126 1
seq0_0328_2 1299583532.29 138 204 302 151 151 218 256 127 1
seq0_0329_2 1299583532.32 140 200 300 150 151 219 259 129 1
seq0_0330_2 1299583532.35 143 196 298 149 151 220 263 131 1
seq0_0331_2 1299583532.38 144 196 296 148 151 218 264 131 1
seq0_0332_2 1299583532.42 146 196 294 147 150 217 265 132 1
seq0_0333_2 1299583532.52 148 197 292 146 151 216 267 133 1
seq0_0334_2 1299583532.55 140 193 300 150 145 215 272 136 1
seq0_0335_2 1299583532.59 132 189 308 154 141 214 278 139 1
seq0_0336_2 1299583532.62 125 185 316 158 136 214 284 142 1
seq0_0337_2 1299583532.72 123 185 318 159 129 208 291 145 1
seq0_0338_2 1299583532.75 122 185 320 160 122 202 298 149 1
seq0_0339_2 1299583532.79 121 185 322 161 116 197 306 153 1
seq0_0340_2 1299583532.82 119 178 325 162 115 192 310 155 1
seq0_0341_2 1299583532.92 118 171 328 164 115 187 314 157 1
seq0_0342_2 1299583532.95 117 164 332 166 115 182 318 159 1
seq0_0343_2 1299583532.99 111 156 338 169 111 180 324 162 1
seq0_0344_2 1299583533.02 107 149 345 172 107 179 331 165 1
seq0_0345_2 1299583533.12 102 142 352 176 104 178 338 169 1
seq0_0346_2 1299583533.15 96 134 361 180 97 172 343 171 1
seq0_0347_2 1299583533.19 90 126 370 184 90 166 348 173 1
seq0_0348_2 1299583533.22 85 119 379 189 84 160 353 176 1
seq0_0349_2 1299583533.32 80 113 390 195 79 152 360 180 1
seq0_0350_2 1299583533.35 75 107 402 201 75 145 368 184 1
seq0_0351_2 1299583533.39 71 101 414 207 71 138 376 188 1
seq0_0352_2 1299583533.42 69 96 416 208 70 131 380 190 1
seq0_0353_2 1299583533.52 66 91 418 209 70 124 384 192 1
seq0_0354_2 1299583533.55 65 87 421 210 70 118 388 194 1
seq0_0355_2 1299583533.65 58 78 430 215 65 108 395 197 1
seq0_0356_2 1299583533.69 52 69 440 220 62 97 403 201 1
seq0_0357_2 1299583533.79 46 60 450 225 58 88 411 205 1
seq0_0358_2 1299583533.89 42 43 456 228 41 62 429 214 1
seq0_0359_2 1299583533.92 39 26 462 231 25 38 448 223 1
seq0_0360_2 1299583533.95 36 9 469 234 9 13 467 233 1
seq0_0361_2 1299583533.99 30 6 479 239 7 2 472 235 1
seq0_0362_2 1299583534.02 24 3 490 244 5 -9 477 238 1
seq0_0363_2 1299583534.05 19 1 501 250 4 -20 483 241 1
seq0_0364_2 1299583534.09 15 -20 508 253 3 -34 491 245 1
seq0_0365_2 1299583534.19 11 -41 515 257 2 -48 499 249 1
seq0_0366_2 1299583534.22 8 -62 522 261 2 -63 507 253 2
seq0_0367_2 1299583534.25 6 -64 534 267 -4 -75 516 258 2
seq0_0368_2 1299583534.29 5 -67 546 273 -11 -87 526 263 2
seq0_0369_2 1299583534.32 4 -70 559 279 -18 -99 536 268 2
seq0_0370_2 1299583534.42 7 -76 531 265 -11 -110 532 266 2
seq0_0371_2 1299583534.45 10 -82 504 251 -6 -121 529 264 2
seq0_0375_1 1299583534.56 8 357 538 269 -14 328 522 261 2
seq0_0376_1 1299583534.61 5 345 543 271 -26 304 538 269 2
seq0_0377_1 1299583534.72 3 333 548 273 -38 280 554 277 2
seq0_0378_1 1299583534.73 1 321 553 276 -50 256 570 285 2
seq0_0379_1 1299583534.76 1 305 552 276 -39 246 558 279 2
seq0_0380_1 1299583534.81 1 290 552 276 -27 236 546 273 2
seq0_0381_1 1299583534.85 2 275 552 276 -17 226 535 267 2
seq0_0382_1 1299583534.88 1 256 551 275 -18 218 535 267 2
seq0_0383_1 1299583534.92 0 238 551 275 -19 209 536 267 2
seq0_0384_1 1299583534.95 -1 220 551 275 -21 202 537 268 2
seq0_0385_1 1299583534.99 -1 197 548 274 -22 191 535 267 2
seq0_0386_1 1299583535.07 -1 175 546 273 -23 179 534 266 2
seq0_0387_1 1299583535.11 -2 153 544 272 -25 169 533 266 2
seq0_0388_1 1299583535.15 -1 144 547 273 -30 141 538 269 2
seq0_0389_1 1299583535.25 -1 136 550 275 -37 113 544 272 2
seq0_0390_1 1299583535.26 -1 128 554 277 -43 85 550 275 2
seq0_0391_1 1299583535.30 0 107 550 275 -35 69 541 270 2
seq0_0392_1 1299583535.34 1 86 546 273 -27 54 532 265 2
seq0_0393_1 1299583535.45 3 65 543 271 -20 39 523 261 2
seq0_0394_1 1299583535.46 2 50 540 270 -21 26 523 261 2
seq0_0395_1 1299583535.50 1 35 538 269 -22 14 523 261 2
seq0_0396_1 1299583535.55 1 21 536 268 -24 2 523 261 2
seq0_0397_1 1299583535.58 0 15 534 267 -32 -13 530 264 2
seq0_0398_1 1299583535.61 0 9 533 266 -41 -29 537 268 2
seq0_0399_1 1299583535.65 -1 4 532 266 -50 -45 545 272 2
seq0_0400_1 1299583535.68 0 3 532 266 -47 -58 543 271 2
seq0_0401_1 1299583535.72 1 2 532 266 -44 -72 541 270 2
seq0_0402_0 1299583535.81 1 421 534 267 -16 343 532 266 2
seq0_0403_0 1299583535.85 -2 396 534 267 -13 335 525 262 2
seq0_0404_0 1299583535.95 -5 371 534 267 -10 327 518 258 2
seq0_0408_0 1299583536.16 -4 302 512 256 -14 293 504 252 2
seq0_0409_0 1299583536.17 -2 298 503 251 -10 283 493 246 2
seq0_0410_0 1299583536.20 0 294 495 247 -6 273 482 240 2
seq0_0411_0 1299583536.32 1 290 487 243 -2 264 471 235 1
seq0_0412_0 1299583536.34 3 289 485 242 6 260 462 231 1
seq0_0413_0 1299583536.37 5 288 483 241 14 257 454 227 1
seq0_0414_0 1299583536.42 7 287 482 241 23 254 446 223 1
seq0_0415_0 1299583536.45 23 282 462 231 34 248 431 215 1
seq0_0416_0 1299583536.55 39 277 443 221 46 242 416 208 1
seq0_0417_0 1299583536.57 56 273 424 212 58 237 402 201 1
seq0_0418_0 1299583536.60 58 269 417 208 56 236 400 200 1
seq0_0419_0 1299583536.65 61 266 410 204 54 235 399 199 1
seq0_0420_0 1299583536.68 64 263 403 201 53 235 398 199 1
seq0_0421_0 1299583536.79 65 256 397 198 59 229 388 194 1
seq0_0422_0 1299583536.80 66 249 391 195 65 224 378 189 1
seq0_0423_0 1299583536.84 68 242 386 193 72 219 369 184 1
seq0_0424_0 1299583536.96 81 234 372 186 80 216 360 179 1
seq0_0425_0 1299583536.97 95 227 358 179 88 213 351 175 1
seq0_0426_0 1299583537.00 109 220 345 172 97 211 342 171 1
seq0_0427_0 1299583537.13 107 214 346 172 99 210 337 168 1
seq0_0428_0 1299583537.14 104 208 347 173 102 209 332 165 1
seq0_0429_0 1299583537.17 103 203 349 174 105 208 327 163 1
seq0_0430_0 1299583537.29 101 201 344 171 106 207 321 160 1
seq0_0431_0 1299583537.30 100 200 339 169 108 207 315 157 1
seq0_0432_0 1299583537.34 99 199 335 167 110 207 309 154 2
seq0_0433_0 1299583537.38 98 199 336 168 111 207 305 152 2
seq0_0434_0 1299583537.42 99 199 338 169 114 207 302 150 2
seq0_0435_0 1299583537.45 99 200 340 170 116 208 299 149 2
seq0_0436_0 1299583537.55 119 203 306 153 121 208 292 145 2
seq0_0437_0 1299583537.57 140 206 273 136 125 208 285 142 2
seq0_0438_0 1299583537.60 161 209 240 120 131 209 279 139 2
seq0_0439_0 1299583537.72 158 209 244 122 134 208 274 136 2
seq0_0440_0 1299583537.74 156 209 249 124 138 207 270 134 2
seq0_0441_0 1299583537.77 153 210 254 127 142 206 266 132 2
seq0_0442_0 1299583537.89 151 210 259 129 145 205 261 130 2
seq0_0443_0 1299583537.90 148 210 264 131 149 204 257 128 2
seq0_0444_0 1299583538.03 146 211 269 134 153 203 253 126 2
seq0_0445_0 1299583538.04 146 208 268 133 155 201 249 124 2
seq0_0446_0 1299583538.16 146 206 267 133 157 199 246 122 2
seq0_0447_0 1299583538.17 147 204 267 133 160 198 243 121 2
seq0_0448_0 1299583538.21 149 199 265 132 162 196 240 119 2
seq0_0449_0 1299583538.32 151 194 263 131 164 195 237 118 2
seq0_0450_0 1299583538.34 154 190 261 130 167 194 234 117 1
seq0_0451_0 1299583538.37 150 188 264 132 167 195 232 116 1
seq0_0452_0 1299583538.41 147 186 268 134 168 197 231 115 1
seq0_0453_0 1299583538.45 144 185 272 136 169 199 230 115 1
seq0_0454_0 1299583538.49 143 186 270 135 169 200 228 114 1
seq0_0455_0 1299583538.52 144 188 269 134 170 201 226 113 1
seq0_0456_0 1299583538.55 144 190 268 134 171 203 224 112 1
seq0_0457_0 1299583538.59 149 192 260 130 172 205 222 111 1
seq0_0458_0 1299583538.63 156 193 253 126 173 207 220 110 1
seq0_0459_0 1299583538.72 162 196 246 123 175 210 218 109 2
seq0_0460_0 1299583538.82 168 200 238 119 179 210 215 107 2
seq0_0461_0 1299583538.84 174 204 231 115 183 212 212 106 2
seq0_0462_0 1299583538.87 180 209 224 112 187 213 210 105 1
seq0_0463_0 1299583538.92 177 209 228 114 188 213 207 103 1
seq0_0464_0 1299583539.03 175 209 232 116 190 214 204 101 1
seq0_0465_0 1299583539.04 173 209 236 118 192 215 201 100 1
seq0_0466_0 1299583539.07 174 209 233 116 191 216 200 99 1
seq0_0467_0 1299583539.12 175 210 230 115 190 217 199 99 1
seq0_0468_0 1299583539.22 176 211 228 114 190 219 198 99 1
seq0_0469_0 1299583539.24 179 211 223 111 189 218 197 98 1
seq0_0470_0 1299583539.28 182 211 218 109 189 218 196 98 1
seq0_0471_0 1299583539.32 185 212 214 107 189 218 196 98 1
seq0_0472_0 1299583539.42 183 211 214 107 191 217 194 97 1
seq0_0473_0 1299583539.44 182 211 214 107 194 216 192 96 1
seq0_0474_0 1299583539.47 181 211 215 107 197 215 190 95 1
seq0_0475_0 1299583539.52 182 211 213 106 198 214 188 94 1
seq0_0476_0 1299583539.63 184 211 211 105 199 213 186 93 1
seq0_0477_0 1299583539.64 186 211 209 104 200 212 185 92 1
seq0_0478_0 1299583539.67 187 211 207 103 202 215 182 90 1
seq0_0479_0 1299583539.72 188 210 206 102 204 218 179 89 1
seq0_0480_0 1299583539.82 190 211 205 102 206 222 176 88 1
seq0_0481_0 1299583539.84 190 212 205 102 204 222 178 89 1
seq0_0482_0 1299583539.87 191 213 205 102 203 222 181 90 1
seq0_0483_0 1299583539.92 192 215 206 103 202 223 184 92 1
seq0_0484_0 1299583540.02 193 218 204 102 202 225 183 91 1
seq0_0485_0 1299583540.04 194 222 202 101 202 226 182 90 1
seq0_0486_0 1299583540.07 196 226 200 100 202 229 181 90 1
seq0_0487_0 1299583540.11 196 225 198 99 201 229 181 90 1
seq0_0488_0 1299583540.15 196 225 196 98 201 230 181 90 1
seq0_0489_0 1299583540.18 196 225 194 97 201 231 182 91 1
seq0_0490_0 1299583540.23 196 225 195 97 201 231 181 90 1
seq0_0491_0 1299583540.27 196 226 196 97 201 233 181 90 1
seq0_0492_0 1299583540.35 197 227 197 98 202 234 181 90 1
seq0_0493_0 1299583540.46 197 228 197 98 202 235 180 89 1
seq0_0494_0 1299583540.48 198 228 198 98 202 236 179 89 1
seq0_0495_0 1299583540.51 199 230 199 99 203 238 179 89 1
seq0_0496_0 1299583540.55 198 230 198 98 204 238 178 88 1
seq0_0497_0 1299583540.59 197 232 197 98 205 238 177 88 1
seq0_0498_0 1299583540.64 197 233 196 98 206 239 176 88 1
seq0_0499_0 1299583540.79 198 235 193 96 206 241 176 88 1
seq0_0500_0 1299583540.81 200 238 190 94 206 244 176 88 1
seq0_0501_0 1299583540.84 202 241 187 93 206 247 176 88 1
seq0_0502_0 1299583540.88 201 242 188 94 206 250 176 88 1
seq0_0503_0 1299583541.00 201 243 190 95 207 253 176 88 1
seq0_0504_0 1299583541.09 201 244 192 96 208 257 176 88 1
seq0_0505_0 1299583541.11 198 245 194 97 204 255 179 89 1
seq0_0506_0 1299583541.14 196 247 197 98 200 252 182 90 1
seq0_0507_0 1299583541.18 194 249 200 100 197 251 185 92 1
seq0_0508_0 1299583541.22 196 249 196 98 199 252 183 91 1
seq0_0509_0 1299583541.33 199 249 192 96 201 253 181 90 1
seq0_0510_0 1299583541.34 202 250 188 94 204 255 179 89 1
seq0_0511_0 1299583541.37 202 250 189 94 205 255 178 88 1
seq0_0512_0 1299583541.42 202 249 190 94 206 255 177 88 1
seq0_0513_0 1299583541.53 202 250 191 95 207 256 177 88 1
seq0_0514_0 1299583541.54 201 247 191 95 207 253 175 87 1
seq0_0515_0 1299583541.66 200 245 192 95 207 251 174 86 1
seq0_0516_0 1299583541.67 199 243 193 96 208 249 173 86 1
seq0_0517_0 1299583541.79 198 242 193 96 209 249 172 86 1
seq0_0518_0 1299583541.81 198 242 193 96 210 249 172 86 1
seq0_0519_0 1299583541.84 198 242 194 97 211 249 172 86 1
seq0_0520_0 1299583541.97 197 242 195 97 210 248 173 86 1
seq0_0521_0 1299583541.98 197 243 196 98 209 247 174 87 1
seq0_0522_0 1299583542.01 197 244 198 99 208 247 176 88 1
seq0_0523_0 1299583542.13 198 243 195 97 207 246 176 88 1
seq0_0524_0 1299583542.14 199 242 192 95 206 245 176 88 1
seq0_0525_0 1299583542.18 200 242 189 94 206 245 176 88 1
seq0_0526_0 1299583542.22 200 242 188 94 206 245 175 87 1
seq0_0527_0 1299583542.32 201 242 188 94 206 246 175 87 1
seq0_0528_0 1299583542.34 202 243 188 94 207 247 175 87 1
seq0_0529_0 1299583542.46 201 241 189 94 208 247 173 86 1
seq0_0530_0 1299583542.48 200 241 191 95 210 247 172 85 1
seq0_0531_0 1299583542.51 200 240 193 96 212 248 171 85 1
seq0_0532_0 1299583542.63 200 241 192 95 210 246 173 86 1
seq0_0533_0 1299583542.64 201 243 191 95 208 245 175 87 1
seq0_0558_0 1299583543.82 199 256 156 78 207 254 178 89 2
seq0_0559_0 1299583543.86 196 255 170 85 207 253 176 88 2
seq0_0560_0 1299583543.96 194 255 184 92 208 253 175 87 2
seq0_0561_0 1299583543.98 192 255 198 99 209 253 174 87 2
seq0_0562_0 1299583544.01 195 250 196 98 207 253 175 87 2
seq0_0563_0 1299583544.05 198 246 194 97 205 253 176 88 2
seq0_0564_0 1299583544.09 201 242 193 96 204 254 178 89 1
seq0_0565_0 1299583544.13 203 242 190 94 204 252 177 88 1
seq0_0566_0 1299583544.16 205 243 187 93 204 252 177 88 1
seq0_0567_0 1299583544.22 207 244 185 92 204 251 177 88 1
seq0_0568_0 1299583544.29 206 244 185 92 205 251 176 87 1
seq0_0569_0 1299583544.39 206 244 185 92 206 251 175 87 1
seq0_0570_0 1299583544.41 206 245 186 93 207 252 175 87 1
seq0_0571_0 1299583544.53 204 243 188 94 206 250 176 87 1
seq0_0572_0 1299583544.54 202 242 190 95 206 250 177 88 1
seq0_0573_0 1299583544.58 201 241 193 96 206 249 178 89 1
seq0_0574_0 1299583544.69 201 241 192 95 208 249 175 87 1
seq0_0575_0 1299583544.71 202 241 191 95 210 250 173 86 1
seq0_0576_0 1299583544.75 203 242 191 95 212 251 171 85 1
seq0_0577_0 1299583544.86 201 242 193 96 208 250 175 87 1
seq0_0578_0 1299583544.88 199 243 195 97 204 249 179 89 1
seq0_0579_0 1299583544.91 197 244 198 99 200 248 183 91 1
seq0_0580_0 1299583544.96 197 245 196 98 202 248 181 90 1
seq0_0581_0 1299583545.00 197 245 195 97 204 249 179 89 1
seq0_0582_0 1299583545.04 198 247 194 97 207 250 178 89 1
seq0_0583_0 1299583545.12 199 245 193 96 205 249 179 89 1
seq0_0584_0 1299583545.24 200 244 192 95 203 249 181 90 1
seq0_0594_0 1299583545.76 207 252 171 85 208 252 175 87 2
seq0_0595_0 1299583545.78 207 251 172 85 207 251 175 87 2
seq0_0596_0 1299583545.89 207 250 174 86 207 251 175 87 2
seq0_0597_0 1299583545.91 207 250 176 87 207 251 175 87 2
seq0_0598_0 1299583546.03 207 249 177 88 207 250 175 87 2
seq0_0599_0 1299583546.05 207 248 179 89 207 250 175 87 2
seq0_0600_0 1299583546.08 207 248 181 90 207 250 175 87 2
seq0_0601_0 1299583546.12 205 248 184 91 207 249 176 87 2
seq0_0602_0 1299583546.16 203 248 187 93 207 249 177 88 2
seq0_0603_0 1299583546.20 202 249 191 95 207 249 178 89 1
seq0_0604_0 1299583546.30 201 248 191 95 207 249 176 88 1
seq0_0605_0 1299583546.32 200 247 191 95 207 249 175 87 1
seq0_0606_0 1299583546.35 200 247 192 96 208 250 174 87 1
seq0_0607_0 1299583546.39 199 245 193 96 207 251 174 87 1
seq0_0608_0 1299583546.43 198 245 194 97 207 252 174 87 1
seq0_0609_0 1299583546.46 197 244 196 98 207 253 175 87 1
seq0_0610_0 1299583546.49 197 244 196 98 207 250 175 87 1
seq0_0611_0 1299583546.53 197 243 197 98 207 248 175 87 1
seq0_0612_0 1299583546.64 197 244 198 99 208 246 176 88 1
seq0_0613_0 1299583546.65 196 242 197 98 207 248 176 88 1
seq0_0614_0 1299583546.68 196 242 197 98 207 250 176 88 1
seq0_0615_0 1299583546.72 196 241 197 98 207 253 177 88 1
seq0_0616_0 1299583546.76 196 243 197 98 206 252 176 87 1
seq0_0617_0 1299583546.86 196 244 197 98 206 251 175 87 1
seq0_0618_0 1299583546.88 196 247 198 99 206 251 175 87 1
seq0_0619_0 1299583546.91 196 245 197 98 207 251 174 86 1
seq0_0620_0 1299583547.03 196 243 197 98 208 252 173 86 1
seq0_0621_0 1299583547.05 197 242 197 98 210 253 173 86 1
seq0_0622_0 1299583547.08 197 242 197 98 208 252 174 86 1
seq0_0623_0 1299583547.20 197 242 197 98 207 253 175 87 1
seq0_0624_0 1299583547.21 198 242 197 98 206 253 177 88 1
seq0_0625_0 1299583547.25 199 243 194 97 205 250 178 89 1
seq0_0626_0 1299583547.29 200 245 192 96 204 248 180 90 1
seq0_0627_0 1299583547.40 202 247 190 95 203 246 182 91 1
seq0_0628_0 1299583547.42 203 246 189 94 204 247 180 90 1
seq0_0629_0 1299583547.45 205 247 188 94 205 249 179 89 1
seq0_0630_0 1299583547.56 207 247 188 94 206 251 178 89 1
seq0_0631_0 1299583547.58 206 247 187 93 205 251 178 89 1
seq0_0632_0 1299583547.62 206 247 186 93 204 251 178 89 1
seq0_0633_0 1299583547.73 206 248 186 93 204 251 179 89 1
seq0_0634_0 1299583547.75 204 246 188 94 202 250 180 89 1
seq0_0635_0 1299583547.78 202 244 191 95 201 251 181 90 1
seq0_0636_0 1299583547.90 200 243 194 97 200 251 182 91 1
seq0_0637_0 1299583547.92 201 242 191 95 202 249 179 89 1
seq0_0638_0 1299583547.95 203 242 189 94 205 248 177 88 1
seq0_0639_0 1299583547.99 205 242 187 93 208 247 175 87 1
seq0_0640_0 1299583548.10 204 243 188 93 207 247 176 88 1
seq0_0641_0 1299583548.12 203 245 189 94 206 247 178 89 1
seq0_0642_0 1299583548.15 202 247 191 95 206 248 180 90 1
seq0_0643_0 1299583548.19 200 248 192 95 206 248 180 90 1
seq0_0644_0 1299583548.31 199 251 193 96 206 248 180 90 1
seq0_0657_0 1299583548.92 206 244 182 91 211 253 174 87 2
seq0_0658_0 1299583548.96 204 243 185 92 210 252 174 87 2
seq0_0659_0 1299583549.00 203 243 189 94 209 252 174 87 2
seq0_0660_0 1299583549.07 202 243 193 96 209 252 174 87 1
seq0_0661_0 1299583549.11 202 243 192 95 207 251 176 88 1
seq0_0662_0 1299583549.18 202 244 191 95 205 251 178 89 1
seq0_0663_0 1299583549.30 202 245 191 95 204 251 180 90 1
seq0_0664_0 1299583549.32 201 245 192 95 203 250 181 90 1
seq0_0665_0 1299583549.35 200 245 193 96 203 249 182 90 1
seq0_0666_0 1299583549.39 200 246 194 97 203 249 183 91 1
seq0_0667_0 1299583549.50 198 245 195 97 204 249 181 90 1
seq0_0668_0 1299583549.52 197 244 197 98 206 249 179 89 1
seq0_0669_0 1299583549.63 196 244 199 99 208 249 177 88 1
seq0_0670_0 1299583549.65 198 245 196 98 206 248 178 88 1
seq0_0671_0 1299583549.77 200 247 194 97 204 249 179 89 1
seq0_0672_0 1299583549.78 202 249 192 96 203 249 181 90 1
seq0_0673_0 1299583549.82 201 247 192 96 204 249 179 89 1
seq0_0674_0 1299583549.94 200 246 193 96 205 250 177 88 1
seq0_0675_0 1299583549.95 200 245 194 97 207 251 175 87 1
seq0_0676_0 1299583550.07 202 246 192 96 205 250 176 87 1
seq0_0677_0 1299583550.08 204 248 190 95 204 249 177 88 1
seq0_0678_0 1299583550.17 206 250 189 94 203 249 178 89 1
seq0_0679_0 1299583550.20 203 248 191 95 203 249 179 89 1
seq0_0680_0 1299583550.30 200 246 193 96 203 250 180 89 1
seq0_0681_0 1299583550.32 198 245 196 98 203 251 181 90 1
seq0_0682_0 1299583550.43 199 245 194 97 204 250 179 89 1
seq0_0683_0 1299583550.45 200 246 193 96 205 248 178 88 1
seq0_0684_0 1299583550.48 202 247 192 96 206 248 177 88 1
seq0_0685_0 1299583550.61 202 246 192 96 208 248 174 86 1
seq0_0686_0 1299583550.62 202 244 193 96 211 250 171 85 1
seq0_0687_0 1299583550.73 202 244 194 97 214 251 169 84 1
seq0_0688_0 1299583550.75 202 244 193 96 210 250 172 85 1
seq0_0689_0 1299583550.79 202 243 192 95 207 249 175 87 1
seq0_0690_0 1299583550.83 203 244 191 95 204 249 178 89 1
seq0_0691_0 1299583550.86 201 244 191 95 203 249 178 89 1
seq0_0692_0 1299583550.97 199 244 191 95 202 250 179 89 1
seq0_0693_0 1299583550.99 198 244 191 95 202 251 180 90 1
seq0_0694_0 1299583551.02 199 245 191 95 204 251 178 89 1
seq0_0695_0 1299583551.06 200 247 191 95 207 251 176 88 1
seq0_0696_0 1299583551.19 202 249 192 96 210 251 174 87 1
seq0_0697_0 1299583551.22 202 247 192 96 207 251 176 88 1
seq0_0698_0 1299583551.25 202 245 192 96 205 251 178 89 1
seq0_0699_0 1299583551.33 202 244 193 96 203 251 180 90 1
seq0_0700_0 1299583551.36 203 243 191 95 203 250 180 90 1
seq0_0701_0 1299583551.47 204 242 190 94 203 249 180 90 1
seq0_0702_0 1299583551.58 205 242 189 94 203 249 180 90 1
seq0_0703_0 1299583551.59 205 242 188 94 206 249 176 88 1
seq0_0704_0 1299583551.62 206 243 188 94 209 250 172 86 1
seq0_0705_0 1299583551.70 207 244 188 94 212 251 169 84 1
seq0_0706_0 1299583551.75 205 245 188 94 208 251 172 85 1
seq0_0707_0 1299583551.80 203 245 189 94 205 252 175 87 1
seq0_0708_0 1299583551.82 202 247 190 95 202 253 179 89 1
seq0_0709_0 1299583551.86 202 246 189 94 203 250 178 88 1
seq0_0710_0 1299583551.90 202 247 189 94 205 249 177 88 1
seq0_0711_0 1299583551.93 203 247 189 94 207 247 177 88 1
seq0_0712_0 1299583552.10 202 246 190 94 207 248 175 87 1
seq0_0713_0 1299583552.12 202 247 191 95 208 249 174 86 1
seq0_0714_0 1299583552.15 202 247 193 96 209 251 173 86 1
seq0_0715_0 1299583552.27 202 246 193 96 208 250 174 86 1
seq0_0716_0 1299583552.29 202 245 193 96 207 251 175 87 1
seq0_0717_0 1299583552.41 202 245 193 96 207 251 176 88 1
seq0_0718_0 1299583552.42 201 244 194 96 208 251 173 86 1
seq0_0719_0 1299583552.54 200 245 195 97 210 251 170 85 1
seq0_0720_0 1299583552.55 199 245 196 98 212 252 168 84 1
seq0_0721_0 1299583552.67 201 245 194 97 210 251 169 84 1
seq0_0722_0 1299583552.69 203 245 192 96 209 251 170 85 1
seq0_0723_0 1299583552.72 205 245 191 95 208 251 172 86 1
seq0_0724_0 1299583552.76 204 246 191 95 209 249 171 85 1
seq0_0725_0 1299583552.87 203 246 192 95 211 249 171 85 1
seq0_0726_0 1299583552.89 202 248 193 96 213 248 171 85 1
seq0_0727_0 1299583553.00 201 247 194 96 212 248 172 85 1
seq0_0728_0 1299583553.02 200 247 195 97 211 249 173 86 1
seq0_0729_0 1299583553.05 200 247 196 98 210 250 174 87 1
seq0_0730_0 1299583553.17 200 246 195 97 209 251 174 87 1
seq0_0731_0 1299583553.27 200 245 194 96 208 252 174 87 1
seq0_0732_0 1299583553.29 200 245 193 96 208 253 174 87 1
seq0_0733_0 1299583553.32 200 246 192 96 207 250 174 87 1
seq0_0734_0 1299583553.36 201 247 192 96 207 248 175 87 1
seq0_0735_0 1299583553.40 202 248 192 96 207 246 176 88 1
seq0_0736_0 1299583553.51 202 246 191 95 205 248 176 88 1
seq0_0737_0 1299583553.52 202 246 190 95 204 249 177 88 1
seq0_0738_0 1299583553.64 203 245 190 95 203 252 178 89 1
seq0_0739_0 1299583553.66 201 244 191 95 203 251 178 89 1
seq0_0740_0 1299583553.69 199 245 192 96 203 251 179 89 1
seq0_0741_0 1299583553.81 198 245 194 97 204 251 180 90 1
seq0_0742_0 1299583553.82 198 245 195 97 205 251 178 89 1
seq0_0743_0 1299583553.86 198 246 196 97 206 252 176 88 1
seq0_0744_0 1299583553.90 199 247 197 98 208 253 174 87 1
seq0_0745_0 1299583554.01 197 245 197 98 208 252 174 87 1
seq0_0746_0 1299583554.02 196 243 198 98 208 251 174 87 1
seq0_0747_0 1299583554.06 195 242 199 99 209 250 174 87 1
seq0_0748_0 1299583554.10 196 242 198 98 207 250 176 88 1
seq0_0749_0 1299583554.21 198 242 197 98 205 250 178 89 1
seq0_0750_0 1299583554.22 200 243 197 98 203 250 181 90 1
seq0_0751_0 1299583554.34 199 244 196 98 204 249 180 89 1
seq0_0752_0 1299583554.36 199 246 196 98 205 250 179 89 1
seq0_0753_0 1299583554.39 199 248 196 98 206 250 178 89 1
seq0_0754_0 1299583554.43 199 248 196 98 206 251 177 88 1
seq0_0755_0 1299583554.47 200 248 196 98 206 251 176 87 1
seq0_0768_0 1299583555.06 205 246 188 94 210 254 174 87 2
seq0_0769_0 1299583555.13 202 246 190 95 208 253 175 87 2
seq0_0770_0 1299583555.24 200 246 193 96 206 252 177 88 2
seq0_0771_0 1299583555.26 198 247 196 98 204 252 179 89 1
seq0_0772_0 1299583555.29 198 246 196 98 206 252 177 88 1
seq0_0773_0 1299583555.41 199 245 197 98 208 252 175 87 1
seq0_0774_0 1299583555.42 200 245 198 99 210 253 173 86 1
seq0_0775_0 1299583555.46 198 244 198 99 209 252 173 86 1
seq0_0776_0 1299583555.57 196 244 198 99 208 251 173 86 1
seq0_0777_0 1299583555.59 195 244 199 99 207 251 174 87 1
seq0_0778_0 1299583555.62 196 245 198 98 206 250 175 87 1
seq0_0779_0 1299583555.67 197 247 197 98 206 250 176 87 1
seq0_0780_0 1299583555.77 198 249 196 98 206 250 177 88 1
seq0_0781_0 1299583555.79 200 249 194 97 207 250 176 87 1
seq0_0782_0 1299583555.83 202 249 192 96 208 250 175 87 1
seq0_0783_0 1299583555.87 205 250 191 95 210 251 174 87 1
seq0_0784_0 1299583555.98 205 249 191 95 208 252 175 87 1
seq0_0785_0 1299583555.99 205 249 191 95 206 254 176 88 1
seq0_0786_0 1299583556.02 205 249 192 96 204 256 178 89 1
seq0_0787_0 1299583556.10 202 248 193 96 205 255 176 88 1
seq0_0788_0 1299583556.18 200 249 194 97 207 254 174 87 1
seq0_0789_0 1299583556.20 198 249 196 98 209 253 173 86 1
seq0_0790_0 1299583556.31 197 248 197 98 209 253 172 85 1
seq0_0791_0 1299583556.33 196 249 198 99 210 254 171 85 1
seq0_0792_0 1299583556.36 196 249 200 100 211 255 170 85 1
seq0_0793_0 1299583556.48 198 248 198 99 208 253 173 86 1
seq0_0794_0 1299583556.50 200 248 197 98 205 252 176 88 1
seq0_0795_0 1299583556.52 202 248 196 98 202 251 180 90 1
seq0_0796_0 1299583556.57 203 247 193 96 205 252 176 88 1
seq0_0797_0 1299583556.68 204 248 190 95 208 253 172 86 1
seq0_0798_0 1299583556.70 205 248 188 94 211 255 169 84 1
seq0_0799_0 1299583556.73 204 248 189 94 209 254 172 85 1
seq0_0800_0 1299583556.77 203 248 191 95 207 254 175 87 1
seq0_0801_0 1299583556.81 203 249 193 96 206 254 178 89 2
seq0_0802_0 1299583556.84 201 249 195 97 205 254 178 89 2
seq0_0803_0 1299583556.94 199 249 197 98 204 254 178 89 2
seq0_0804_0 1299583556.96 198 249 199 99 204 255 178 89 1
seq0_0805_0 1299583557.00 198 249 197 98 204 255 177 88 1
seq0_0806_0 1299583557.04 198 248 196 97 205 254 176 87 1
seq0_0807_0 1299583557.07 199 249 195 97 206 255 175 87 1
seq0_0808_0 1299583557.18 201 249 193 96 206 254 175 87 1
seq0_0809_0 1299583557.20 204 249 191 95 207 253 175 87 1
seq0_0810_0 1299583557.23 207 250 189 94 208 252 175 87 1
seq0_0811_0 1299583557.27 205 251 189 94 208 253 174 86 1
seq0_0812_0 1299583557.31 204 252 189 94 208 255 173 86 1
seq0_0813_0 1299583557.41 203 253 189 94 208 257 173 86 1
seq0_0814_0 1299583557.43 201 253 190 94 206 256 174 86 1
seq0_0815_0 1299583557.47 199 253 191 95 205 256 175 87 1
seq0_0816_0 1299583557.58 198 254 192 96 204 256 177 88 1
seq0_0817_0 1299583557.59 197 255 192 96 203 256 177 88 1
seq0_0818_0 1299583557.63 196 257 193 96 202 257 177 88 1
seq0_0819_0 1299583557.67 196 259 194 97 202 258 178 89 1
seq0_0820_0 1299583557.78 198 258 192 96 202 258 177 88 1
seq0_0821_0 1299583557.80 200 257 191 95 203 258 176 88 1
seq0_0822_0 1299583557.83 203 256 190 95 204 259 176 88 2
seq0_0823_0 1299583557.95 202 256 190 95 202 261 177 88 2
seq0_0824_0 1299583557.97 201 255 191 95 201 263 178 89 2
seq0_0825_0 1299583558.00 200 256 192 96 200 266 180 90 1
seq0_0826_0 1299583558.04 199 257 194 97 200 265 181 90 1
seq0_0827_0 1299583558.08 198 258 196 98 200 264 182 90 1
seq0_0828_0 1299583558.11 197 260 198 99 201 263 183 91 1
seq0_0829_0 1299583558.21 197 259 196 98 201 262 181 90 1
seq0_0830_0 1299583558.23 197 258 194 97 202 261 179 89 1
seq0_0831_0 1299583558.27 197 258 193 96 203 260 177 88 1
seq0_0832_0 1299583558.30 196 258 195 97 202 256 178 89 1
seq0_0833_0 1299583558.34 195 259 197 98 201 253 180 90 1
seq0_0834_0 1299583558.38 194 260 199 99 200 250 182 91 1
seq0_0835_0 1299583558.48 196 259 197 98 199 253 182 91 1
seq0_0836_0 1299583558.50 198 258 195 97 198 256 182 91 1
seq0_0837_0 1299583558.53 200 258 193 96 198 260 183 91 1
seq0_0838_0 1299583558.57 200 259 191 95 200 261 180 90 1
seq0_0839_0 1299583558.68 200 260 190 94 202 262 178 89 1
seq0_0840_0 1299583558.70 201 262 189 94 204 264 176 88 1
seq0_0841_0 1299583558.73 201 260 190 95 204 263 175 87 1
seq0_0842_0 1299583558.84 201 259 192 96 205 262 174 87 1
seq0_0843_0 1299583558.87 201 258 194 97 206 262 174 87 1
seq0_0844_0 1299583558.90 199 257 195 97 206 262 174 87 1
seq0_0845_0 1299583559.01 197 256 197 98 206 263 174 87 1
seq0_0846_0 1299583559.03 196 255 199 99 206 264 174 87 1
seq0_0847_0 1299583559.06 197 256 197 98 204 263 176 88 1
seq0_0848_0 1299583559.10 198 257 195 97 202 262 178 89 1
seq0_0849_0 1299583559.14 200 259 193 96 200 261 180 90 1
seq0_0850_0 1299583559.25 199 260 193 96 200 263 179 89 1
seq0_0851_0 1299583559.26 198 261 194 96 201 266 179 89 1
seq0_0852_0 1299583559.38 197 262 195 97 202 269 179 89 1
seq0_0853_0 1299583559.40 194 259 197 98 201 266 179 89 1
seq0_0854_0 1299583559.51 192 255 200 99 200 263 179 89 1
seq0_0855_0 1299583559.53 190 253 203 101 199 261 180 90 1
seq0_0856_0 1299583559.57 192 253 202 100 200 261 179 89 1
seq0_0857_0 1299583559.61 194 255 201 100 201 261 178 88 1
seq0_0858_0 1299583559.64 196 256 201 100 202 262 177 88 1
seq0_0859_0 1299583559.68 195 256 200 99 204 262 175 87 1
seq0_0860_0 1299583559.78 194 257 199 99 206 262 173 86 1
seq0_0861_0 1299583559.80 194 258 198 99 208 263 171 85 1
seq0_0862_0 1299583559.83 195 258 197 98 206 263 173 86 1
seq0_0863_0 1299583559.95 196 258 197 98 205 263 175 87 1
seq0_0864_0 1299583559.96 197 258 197 98 204 264 178 89 1
seq0_0865_0 1299583560.00 197 256 197 98 204 263 177 88 1
seq0_0866_0 1299583560.11 197 253 197 98 204 262 176 88 1
seq0_0867_0 1299583560.13 197 252 198 99 204 262 176 88 1
seq0_0868_0 1299583560.25 195 251 199 99 204 262 175 87 1
seq0_0869_0 1299583560.27 193 250 201 100 204 263 175 87 1
seq0_0870_0 1299583560.30 192 250 203 101 204 264 175 87 1
seq0_0871_0 1299583560.34 194 251 201 100 203 263 175 87 1
seq0_0872_0 1299583560.38 196 253 199 99 203 263 175 87 1
seq0_0873_0 1299583560.41 199 255 198 99 203 263 176 88 1
seq0_0874_0 1299583560.44 197 255 198 99 202 264 177 88 1
seq0_0875_0 1299583560.48 195 255 198 99 201 265 178 88 1
seq0_0876_0 1299583560.51 194 256 199 99 201 266 179 89 1
seq0_0877_0 1299583560.62 192 256 201 100 201 265 179 89 1
seq0_0878_0 1299583560.63 191 256 203 101 201 264 179 89 1
seq0_0879_0 1299583560.66 190 257 206 103 201 263 180 90 1
seq0_0880_0 1299583560.71 190 255 204 102 201 262 179 89 1
seq0_0881_0 1299583560.74 191 254 203 101 201 262 178 88 1
seq0_0882_0 1299583560.85 192 253 202 101 202 262 177 88 1
seq0_0883_0 1299583560.87 193 254 200 100 200 262 178 88 1
seq0_0884_0 1299583560.90 195 255 198 99 199 262 179 89 1
seq0_0885_0 1299583560.94 197 257 197 98 198 263 181 90 1
seq0_0886_0 1299583560.98 197 257 196 97 200 264 180 89 1
seq0_0887_0 1299583561.01 198 258 195 97 202 265 179 89 1
seq0_0888_0 1299583561.11 199 259 195 97 204 266 178 89 1
seq0_0889_0 1299583561.13 198 259 195 97 203 264 177 88 1
seq0_0890_0 1299583561.17 197 259 196 97 202 262 177 88 1
seq0_0891_0 1299583561.21 196 259 197 98 202 261 177 88 1
seq0_0892_0 1299583561.32 196 259 196 97 200 261 178 89 1
seq0_0893_0 1299583561.33 197 259 195 97 198 261 180 90 1
seq0_0894_0 1299583561.37 198 260 194 97 197 262 182 91 1
seq0_0895_0 1299583561.41 196 256 196 98 199 262 180 90 1
seq0_0896_0 1299583561.45 195 252 198 99 201 263 178 89 1
seq0_0897_0 1299583561.48 194 248 200 100 204 264 176 88 1
seq0_0898_0 1299583561.51 197 251 197 98 203 264 177 88 1
seq0_0899_0 1299583561.62 201 255 194 96 203 264 178 88 1
seq0_0900_0 1299583561.63 205 259 191 95 203 264 179 89 1
seq0_0901_0 1299583561.67 203 259 192 95 201 263 179 89 1
seq0_0902_0 1299583561.78 201 259 193 96 200 263 180 89 1
seq0_0903_0 1299583561.80 199 260 194 97 199 263 181 90 1
seq0_0904_0 1299583561.83 199 260 193 96 199 264 181 90 1
seq0_0905_0 1299583561.87 200 261 193 96 199 265 182 90 1
seq0_0906_0 1299583561.91 201 262 193 96 199 267 183 91 1
seq0_0907_0 1299583561.94 201 261 191 95 200 267 181 90 1
seq0_0908_0 1299583562.05 202 260 190 94 202 267 179 89 1
seq0_0909_0 1299583562.07 203 260 189 94 204 267 178 89 1
seq0_0910_0 1299583562.10 202 260 189 94 204 267 176 88 1
seq0_0911_0 1299583562.14 201 260 189 94 205 267 175 87 1
seq0_0912_0 1299583562.18 200 261 190 95 206 267 174 87 1
seq0_0913_0 1299583562.21 199 259 192 96 204 267 175 87 1
seq0_0914_0 1299583562.24 199 257 194 97 202 267 177 88 1
seq0_0915_0 1299583562.35 199 256 196 98 201 268 179 89 1
seq0_0916_0 1299583562.37 198 258 196 98 200 267 180 89 1
seq0_0917_0 1299583562.40 198 260 196 98 200 267 181 90 1
seq0_0918_0 1299583562.44 198 262 196 98 200 267 183 91 1
seq0_0919_0 1299583562.55 198 258 196 98 199 265 183 91 1
seq0_0920_0 1299583562.57 198 254 196 98 198 263 183 91 1
seq0_0921_0 1299583562.60 199 251 196 98 198 262 184 92 1
seq0_0922_0 1299583562.64 198 250 196 98 198 261 183 91 1
seq0_0923_0 1299583562.75 197 249 197 98 199 260 182 91 1
seq0_0924_0 1299583562.77 197 249 198 99 200 259 182 91 1
seq0_0925_0 1299583562.80 198 252 196 98 200 258 181 90 1
seq0_0926_0 1299583562.84 199 256 195 97 201 258 180 89 1
seq0_0927_0 1299583562.88 201 260 194 97 202 258 179 89 1
seq0_0928_0 1299583562.91 200 260 193 96 202 258 178 89 1
seq0_0929_0 1299583562.95 199 260 193 96 202 259 178 89 1
seq0_0930_0 1299583562.98 199 261 193 96 202 260 178 89 1
seq0_0931_0 1299583563.01 198 261 193 96 201 259 178 89 1
seq0_0932_0 1299583563.12 198 261 194 96 201 258 178 89 1
seq0_0933_0 1299583563.13 198 262 195 97 201 257 179 89 1
seq0_0934_0 1299583563.17 197 261 196 97 200 257 179 89 1
seq0_0935_0 1299583563.21 196 261 197 98 200 257 180 89 1
seq0_0936_0 1299583563.25 196 261 198 99 200 258 181 90 1
seq0_0937_0 1299583563.28 196 261 197 98 199 259 181 90 1
seq0_0938_0 1299583563.32 197 261 196 98 199 260 181 90 1
seq0_0939_0 1299583563.42 198 261 196 98 199 261 182 91 1
seq0_0940_0 1299583563.44 197 260 197 98 199 260 181 90 1
seq0_0941_0 1299583563.47 196 259 198 98 199 259 180 90 1
seq0_0942_0 1299583563.59 195 258 199 99 200 258 180 90 2
seq0_0943_0 1299583563.60 196 256 197 98 201 258 179 89 2
seq0_0944_0 1299583563.63 197 255 195 97 202 259 179 89 2
seq0_0945_0 1299583563.67 199 254 194 97 203 260 179 89 2
seq0_0946_0 1299583563.71 199 255 193 96 202 259 179 89 2
seq0_0947_0 1299583563.82 200 257 193 96 201 259 179 89 2
seq0_0948_0 1299583563.83 201 259 193 96 201 259 180 90 2
seq0_0949_0 1299583563.87 201 258 193 96 202 258 179 89 2
seq0_0950_0 1299583563.91 201 257 194 96 204 257 178 88 2
seq0_0951_0 1299583563.95 201 256 195 97 206 256 177 88 2
seq0_0952_0 1299583563.98 201 258 191 95 203 255 179 89 2
seq0_0953_0 1299583564.01 202 260 188 93 200 254 181 90 2
seq0_0963_0 1299583564.48 207 259 187 93 211 260 174 87 2
seq0_0964_0 1299583564.58 204 259 189 94 206 259 177 88 2
seq0_0965_0 1299583564.60 201 259 191 95 201 258 181 90 2
seq0_0966_0 1299583564.64 199 259 194 97 196 257 185 92 2
seq0_0967_0 1299583564.68 199 257 193 96 200 253 180 89 2
seq0_0968_0 1299583564.71 199 255 192 96 204 251 175 87 2
seq0_0969_0 1299583564.75 200 254 192 96 209 248 171 85 2
seq0_0970_0 1299583564.86 198 250 193 96 207 246 174 86 2
seq0_0971_0 1299583564.87 197 248 194 97 205 246 177 88 2
seq0_0972_0 1299583564.90 196 245 196 98 204 245 180 90 2
seq0_0973_0 1299583564.95 198 245 194 97 204 243 178 89 2
seq0_0974_0 1299583564.98 200 244 193 96 205 241 176 88 2
seq0_0990_0 1299583565.70 190 221 206 103 199 224 183 91 2
seq0_0991_0 1299583565.74 190 220 204 102 197 224 185 92 2
seq0_0992_0 1299583565.78 190 219 203 101 195 223 187 93 2
seq0_0993_0 1299583565.89 191 219 202 101 194 224 190 95 2
seq0_0994_0 1299583565.90 192 217 199 99 195 222 187 93 2
seq0_0995_0 1299583565.94 193 217 196 98 196 222 184 92 2
seq0_0996_0 1299583565.98 195 216 194 97 198 221 182 91 2
seq0_0997_0 1299583566.09 192 212 198 99 198 220 182 91 2
seq0_0998_0 1299583566.10 189 208 202 101 198 220 182 91 2
seq0_0999_0 1299583566.14 186 205 206 103 199 220 182 91 2
seq0_1000_0 1299583566.18 189 204 201 100 199 218 181 90 2
seq0_1001_0 1299583566.22 192 203 197 98 199 215 180 89 2
seq0_1002_0 1299583566.25 195 203 193 96 199 214 179 89 2
seq0_1003_0 1299583566.36 195 201 193 96 198 210 181 90 2
seq0_1004_0 1299583566.37 195 199 194 96 197 206 183 91 2
seq0_1005_0 1299583566.40 195 197 195 97 197 203 185 92 2
seq0_1006_0 1299583566.52 194 195 194 97 198 202 183 91 2
seq0_1007_0 1299583566.54 193 194 194 97 199 201 181 90 2
seq0_1008_0 1299583566.57 192 193 194 97 201 201 180 90 2
seq0_1009_0 1299583566.61 193 188 193 96 200 199 181 90 2
seq0_1010_0 1299583566.72 195 183 192 95 200 197 183 91 2
seq0_1011_0 1299583566.74 197 179 191 95 200 195 185 92 1
seq0_1012_0 1299583566.77 192 177 194 97 202 193 181 90 1
seq0_1013_0 1299583566.81 188 176 198 99 204 191 177 88 1
seq0_1014_0 1299583566.85 184 175 202 101 206 190 174 87 1
seq0_1015_0 1299583566.88 189 171 199 99 204 184 175 87 1
seq0_1016_0 1299583566.92 194 167 196 97 203 178 177 88 1
seq0_1017_0 1299583567.02 200 164 193 96 202 172 179 89 2
seq0_1018_0 1299583567.04 199 159 192 95 201 173 181 90 2
seq0_1019_0 1299583567.07 198 154 191 95 200 174 183 91 2
seq0_1020_0 1299583567.12 197 150 190 95 200 176 185 92 2
seq0_1021_0 1299583567.15 197 150 191 95 199 172 184 91 2
seq0_1022_0 1299583567.19 197 150 193 96 198 169 183 91 2
seq0_1023_0 1299583567.22 198 151 195 97 198 166 183 91 2
seq0_1024_0 1299583567.33 197 148 196 97 197 167 184 91 2
seq0_1025_0 1299583567.34 196 146 197 98 197 168 185 92 2
seq0_1026_0 1299583567.37 195 144 198 99 197 170 186 93 2
seq0_1027_0 1299583567.49 195 140 196 98 197 162 184 92 2
seq0_1028_0 1299583567.51 195 136 194 97 198 155 182 91 2
seq0_1029_0 1299583567.54 195 133 192 96 199 148 181 90 2
seq0_1030_0 1299583567.58 195 129 189 94 200 148 177 88 2
seq0_1031_0 1299583567.62 195 125 187 93 202 149 174 86 2
seq0_1032_0 1299583567.73 196 121 185 92 204 150 171 85 2
seq0_1033_0 1299583567.74 194 120 189 94 202 146 171 85 2
seq0_1034_0 1299583567.77 193 119 193 96 201 143 172 85 2
seq0_1035_0 1299583567.82 192 119 197 98 200 140 173 86 2
seq0_1036_0 1299583567.85 193 117 196 97 201 137 174 86 2
seq0_1037_0 1299583567.89 194 115 195 97 202 134 175 87 2
seq0_1038_0 1299583567.99 196 113 194 97 204 131 177 88 2
seq0_1039_0 1299583568.01 196 113 192 96 205 130 174 86 2
seq0_1040_0 1299583568.04 197 113 190 95 206 130 171 85 2
seq0_1041_0 1299583568.08 198 113 188 94 208 130 169 84 2
seq0_1042_0 1299583568.19 197 111 189 94 208 128 168 83 2
seq0_1043_0 1299583568.21 196 109 190 94 209 126 167 83 2
seq0_1044_0 1299583568.24 196 108 191 95 210 124 167 83 1
seq0_1045_0 1299583568.28 196 105 189 94 210 121 167 83 1
seq0_1046_0 1299583568.32 197 102 187 93 210 119 167 83 1
seq0_1047_0 1299583568.35 198 99 186 93 211 117 168 84 1
seq0_1048_0 1299583568.39 200 94 183 91 210 115 167 83 1
seq0_1049_0 1299583568.42 203 89 180 89 209 114 167 83 1
seq0_1050_0 1299583568.45 206 84 177 88 209 113 167 83 1
seq0_1051_0 1299583568.49 204 86 179 89 209 109 166 82 1
seq0_1052_0 1299583568.54 202 88 181 90 209 106 165 82 1
seq0_1053_0 1299583568.62 201 91 183 91 210 103 165 82 1
seq0_1054_0 1299583568.73 200 87 183 91 211 101 164 81 1
seq0_1055_0 1299583568.74 199 83 183 91 212 100 163 81 1
seq0_1056_0 1299583568.77 199 79 184 92 213 99 162 81 1
seq0_1057_0 1299583568.82 202 77 182 91 214 98 160 80 1
seq0_1058_0 1299583568.85 205 75 180 90 216 97 159 79 1
seq0_1059_0 1299583568.89 208 74 179 89 218 97 158 79 1
seq0_1060_0 1299583568.96 207 73 178 89 215 94 160 80 1
seq0_1061_0 1299583569.01 207 72 178 89 213 91 163 81 1
seq0_1062_0 1299583569.05 207 71 178 89 211 88 166 83 1
seq0_1063_0 1299583569.09 209 68 171 85 211 85 163 81 1
seq0_1064_0 1299583569.12 211 65 164 81 212 83 160 79 1
seq0_1065_0 1299583569.22 213 63 157 78 213 81 157 78 1
seq0_1066_0 1299583569.24 214 62 157 78 213 80 157 78 1
seq0_1067_0 1299583569.27 216 62 158 78 213 79 158 78 1
seq0_1068_0 1299583569.32 218 62 159 79 214 79 159 79 1
seq0_1069_0 1299583569.35 218 58 160 79 213 76 159 79 1
seq0_1070_0 1299583569.39 218 56 161 80 213 73 159 79 1
seq0_1071_0 1299583569.42 219 53 162 81 213 71 159 79 1
seq0_1072_0 1299583569.53 217 49 162 81 213 69 158 78 1
seq0_1073_0 1299583569.54 215 46 162 81 214 67 157 78 1
seq0_1074_0 1299583569.57 214 43 162 81 215 65 157 78 1
seq0_1075_0 1299583569.62 216 39 160 80 216 62 154 76 1
seq0_1076_0 1299583569.73 218 36 159 79 218 61 151 75 1
seq0_1077_0 1299583569.74 220 33 158 79 220 59 149 74 1
seq0_1078_0 1299583569.78 220 31 156 78 219 57 148 74 1
seq0_1079_0 1299583569.81 220 29 154 77 219 55 148 74 1
seq0_1080_0 1299583569.93 220 28 153 76 219 54 148 74 1
seq0_1081_0 1299583569.94 220 26 152 75 218 49 149 74 1
seq0_1082_0 1299583569.98 221 24 151 75 217 46 150 75 1
seq0_1083_0 1299583570.02 222 22 150 75 217 42 152 76 1
seq0_1084_0 1299583570.05 220 22 151 75 218 42 149 74 1
seq0_1085_0 1299583570.09 218 22 152 75 219 42 146 73 1
seq0_1086_0 1299583570.12 217 23 153 76 221 43 144 72 2
