# exported and interpolated by Luciano Spinello [33]
seq0_0423_2 1299583536.92 289 1 186 93 275 27 172 86 2
seq0_0424_2 1299583537.02 284 3 187 93 272 30 173 86 2
seq0_0425_2 1299583537.06 280 5 188 93 269 35 175 87 2
seq0_0426_2 1299583537.09 276 8 189 94 266 39 177 88 2
seq0_0427_2 1299583537.19 277 12 185 92 264 40 176 88 2
seq0_0428_2 1299583537.22 278 16 181 90 262 42 176 88 2
seq0_0429_2 1299583537.26 280 20 178 89 260 44 176 88 2
seq0_0430_2 1299583537.36 277 20 180 90 259 47 174 87 2
seq0_0431_2 1299583537.39 274 20 182 91 258 51 172 86 2
seq0_0432_2 1299583537.43 271 20 184 92 257 55 171 85 2
seq0_0433_2 1299583537.46 282 25 169 84 254 56 173 86 2
seq0_0434_2 1299583537.49 293 32 154 77 251 58 176 87 2
seq0_0435_2 1299583537.53 305 38 140 70 248 60 179 89 2
seq0_0436_2 1299583537.63 285 37 159 79 243 62 180 90 2
seq0_0437_2 1299583537.66 265 36 178 88 239 64 182 91 2
seq0_0438_2 1299583537.69 245 36 197 98 235 66 184 92 2
seq0_0439_2 1299583537.79 250 38 193 96 234 67 182 91 2
seq0_0440_2 1299583537.83 255 39 190 94 233 69 181 90 2
seq0_0441_2 1299583537.86 261 42 187 93 233 71 180 90 2
seq0_0442_2 1299583537.96 248 45 195 97 231 73 181 90 2
seq0_0443_2 1299583537.99 235 47 203 101 229 75 182 90 2
seq0_0444_2 1299583538.09 222 51 212 106 227 77 183 91 2
seq0_0445_2 1299583538.13 217 54 215 107 222 78 185 92 2
seq0_0446_2 1299583538.23 212 56 218 108 218 79 187 93 2
seq0_0447_2 1299583538.26 208 60 221 110 214 81 190 95 2
seq0_0448_2 1299583538.29 208 58 219 109 214 83 189 94 2
seq0_0449_2 1299583538.39 209 55 218 108 214 85 189 94 2
seq0_0450_2 1299583538.43 210 54 217 108 214 87 189 94 2
seq0_0451_2 1299583538.46 210 57 215 107 213 84 190 94 2
seq0_0452_2 1299583538.49 210 60 213 106 213 82 191 95 2
seq0_0453_2 1299583538.53 210 64 211 105 213 80 193 96 2
seq0_0454_2 1299583538.56 209 63 206 102 211 82 194 97 2
seq0_0455_2 1299583538.60 208 62 201 100 210 84 196 98 2
seq0_0486_2 1299583540.16 137 -34 327 163 154 -16 283 141 2
seq0_0487_2 1299583540.19 134 -36 333 166 149 -19 289 144 2
seq0_0488_2 1299583540.23 132 -38 339 169 146 -23 296 147 2
seq0_0489_2 1299583540.33 130 -41 345 172 142 -27 303 151 2
seq0_0490_2 1299583540.36 126 -33 338 169 141 -35 306 152 2
seq0_0491_2 1299583540.40 122 -26 332 166 141 -45 309 154 2
seq0_0495_1 1299583540.50 91 405 359 179 115 404 313 156 2
seq0_0496_1 1299583540.63 95 403 357 178 113 393 316 157 2
seq0_0497_1 1299583540.64 99 401 355 177 111 382 319 159 2
seq0_0498_1 1299583540.67 104 400 353 176 109 372 322 161 2
seq0_0499_1 1299583540.79 101 393 357 178 110 365 323 161 2
seq0_0500_1 1299583540.80 98 386 361 180 112 358 324 161 2
seq0_0501_1 1299583540.83 96 379 365 182 114 352 325 162 2
seq0_0502_1 1299583540.88 95 358 366 182 109 339 328 164 2
seq0_0503_1 1299583540.99 95 337 367 183 105 327 332 166 2
seq0_0504_1 1299583541.09 95 317 368 184 101 315 336 168 1
seq0_0505_1 1299583541.10 88 315 376 188 100 309 336 168 1
seq0_0506_1 1299583541.14 81 314 384 192 99 303 337 168 1
seq0_0507_1 1299583541.18 75 313 392 196 99 298 338 169 1
seq0_0508_1 1299583541.22 81 303 387 193 99 290 340 170 1
seq0_0509_1 1299583541.33 86 293 382 191 99 283 342 171 1
seq0_0510_1 1299583541.34 93 283 378 189 99 276 344 172 1
seq0_0511_1 1299583541.37 93 274 378 189 98 268 345 172 1
seq0_0512_1 1299583541.42 93 266 378 189 97 260 347 173 1
seq0_0513_1 1299583541.53 93 258 378 189 97 252 349 174 2
seq0_0514_1 1299583541.54 90 237 380 190 96 243 348 173 2
seq0_0515_1 1299583541.66 89 216 383 191 96 234 347 173 2
seq0_0516_1 1299583541.67 87 196 386 193 96 225 347 173 1
seq0_0517_1 1299583541.79 78 195 395 197 92 215 349 174 1
seq0_0518_1 1299583541.80 68 194 404 202 88 205 352 175 1
seq0_0519_1 1299583541.84 60 193 414 207 85 195 355 177 2
seq0_0520_1 1299583541.96 50 182 425 212 83 184 359 179 2
seq0_0521_1 1299583541.97 40 172 436 217 81 173 364 181 2
seq0_0522_1 1299583542.00 31 162 447 223 80 163 369 184 2
seq0_0523_1 1299583542.13 37 148 441 220 75 153 374 187 2
seq0_0524_1 1299583542.14 44 134 435 217 71 144 380 190 2
seq0_0525_1 1299583542.17 51 120 430 215 67 135 386 193 2
seq0_0526_1 1299583542.22 41 99 441 220 74 117 379 189 2
seq0_0527_1 1299583542.32 31 77 453 226 81 100 372 185 2
seq0_0543_0 1299583543.12 79 370 415 207 61 309 419 209 2
seq0_0544_0 1299583543.16 72 346 423 211 59 293 420 209 2
seq0_0545_0 1299583543.26 64 323 431 215 56 277 421 210 2
seq0_0546_0 1299583543.28 58 300 440 220 55 261 423 211 2
seq0_0547_0 1299583543.31 56 282 437 218 57 249 418 208 2
seq0_0548_0 1299583543.43 55 264 434 216 59 237 413 206 2
seq0_0549_0 1299583543.44 54 247 431 215 61 225 408 204 2
seq0_0550_0 1299583543.48 54 232 426 213 62 217 405 202 2
seq0_0551_0 1299583543.52 56 217 422 211 63 209 402 200 2
seq0_0552_0 1299583543.56 57 203 418 209 64 202 399 199 2
seq0_0553_0 1299583543.59 56 200 419 209 67 188 396 197 2
seq0_0554_0 1299583543.70 55 197 420 210 70 174 393 196 2
seq0_0555_0 1299583543.71 55 194 422 211 74 160 390 195 1
seq0_0556_0 1299583543.74 53 183 424 212 75 153 389 194 1
seq0_0557_0 1299583543.79 52 173 427 213 76 146 388 193 1
seq0_0558_0 1299583543.82 51 163 430 215 77 140 387 193 1
seq0_0559_0 1299583543.86 57 148 422 211 76 128 386 192 1
seq0_0560_0 1299583543.96 63 134 414 207 75 115 385 192 1
seq0_0561_0 1299583543.98 70 120 406 203 75 104 385 192 2
seq0_0562_0 1299583544.01 64 111 409 204 74 97 383 191 2
seq0_0563_0 1299583544.05 58 102 412 206 74 90 381 190 2
seq0_0564_0 1299583544.09 53 94 416 208 74 84 380 190 1
seq0_0565_0 1299583544.13 58 76 408 204 74 78 376 188 1
seq0_0566_0 1299583544.16 64 58 400 200 76 72 373 186 1
seq0_0567_0 1299583544.22 70 41 392 196 77 67 370 185 1
seq0_0568_0 1299583544.29 65 34 397 198 79 45 369 184 1
seq0_0569_0 1299583544.39 60 28 403 201 80 23 368 184 1
seq0_0570_0 1299583544.41 56 22 409 204 83 2 368 184 1
seq0_0571_0 1299583544.53 62 5 402 200 80 -10 369 184 1
seq0_0572_0 1299583544.54 69 -11 395 197 76 -22 370 185 1
seq0_0573_0 1299583544.58 76 -28 389 194 74 -35 372 186 2
seq0_0574_0 1299583544.69 74 -29 377 188 77 -46 367 183 2
seq0_0575_0 1299583544.71 74 -30 366 182 81 -57 362 180 2
seq0_0576_0 1299583544.75 73 -32 355 177 85 -69 357 178 2
